1.236029
57.15178
5.290363
7.659036
0.8500175
6.501682
0.9149708
8.002667
1.0401
7.564524
3.936862
2.144727
6.482187
6.396722
6.745708
7.491641
20.80695
15.32169
25.5106
3.642789
1.772828
2.239111
7.624078
0.8376113
25.37311
4.885054
2.109921
26.45919
2.770595
6.574528
-0.1821309
0.947316
15.30209
2.334199
5.281272
8.79146
4.66253
5.956271
5.132933
7.59752
5.004666
0.9507378
0.9436086
0.9453166
0.9453301
0.9452016
0.9395759
0.937629
0.9482338
2.56538
6.927555
7.492468
2.774452
26.99176
2.058943
2.474453
25.33321
2.101135
9.289035
5.055614
8.021173
27.4471
25.38901
1.391806
8.255873
0.8855469
7.052731
1.832959
5.586651
9.861337
4.440678
31.95579
1.616083
41.43146
2.775829
28.92488
3.276262
22.95659
1.267862
17.50127
35.06952
8.717991
9.795473
51.79278
8.981821
43.44073
5.27612
8.317091
35.70542
27.18964
74.34082
1.609019
26.88922
1.140707
118.2507
0.8428693
11.91961
6.908433
3.433215
1.617791
38.09061
26.04529
0.1001086
6.84527
6.485178
2.343415
0.3223635
null
0.6325443
7.246238
0.8350646
0.8482883
0.8474192
0.8408043
null
17.17736
0.848456
0.8417473
0.8446256
null
25.19893
4.2429
6.941028
26.98338
1.607887
1.797011
0.6895378
null
0.846091
0.8379456
0.8365437
0.849458
0.6920415
null
0.8411239
3.523006
3.511579
9.83535
1.423738
2.364944
5.377552
0.8885288
6.393014
7.574843
6.898972
8.948575
6.168704
5.988834
53.52487
4.907679
null
2.744114
75.40325
44.94715
70.30386
54.61383
67.67551
169.9324
6.687561
57.53984
132.49
160.9846
4.641174
170.9046
29.0437
2.766906
100.5937
157.7138
7.881208
52.84296
127.552
6.759468
6.880414
85.00932
5.96568
3.832239
0.950701
0.9507985
0.950855
null
0.9438285
0.931917
6.432332
57.37251
2.360736
null
4.699514
0.3741353
null
0.9844323
7.408168
30.86989
0.9425888
10.43108
0.02545
6.411512
0.946156
0.502586
null
0.002234825
6.492544
null
0.1555072
6.591888
27.43846
6.695621
16.14291
1.87401
2.138199
null
null
null
34.21106
0.8426543
0.8478685
0.84402
0.8451452
0.004922407
0.8500966
0.8489122
0.8448778
null
1.140018
154.5381
566.092
null
172.3596
419.465
22.45751
495.8611
123.6802
94.76825
211.6902
2.087756
355.8025
0.4603224
77.82172
null
9.366095
0.9473636
0.9469562
0.9501976
0.9478528
0.9431438
0.9439254
0.9446273
0.9439524
0.9453843
0.9342347
0.9508267
0.9497059
0.9458715
0.9405123
0.9464949
null
0.9436828
1.844435
4.259573
2.726104
0.8397614
null
5.935592
0.8213773
0.8401148
0.8398396
null
67.98801
164.4242
331.8232
2.625099
134.7665
0.8238377
29.64392
0.8072789
0.8738444
1.024909
4.880774
3.015395
54.43491
392.8654
5.753449
7.595075
7.651749
8.784511
4.81462
5.24019
5.300344
5.301847
5.293978
5.265655
5.21736
5.327993
5.270244
5.250206
5.300797
5.32487
5.311317
5.283562
5.258561
5.228673
5.181866
5.142098
5.195022
5.283376
5.168624
5.246857
5.316207
5.204708
5.293853
5.28785
5.294811
5.287147
5.309109
5.28549
5.268116
5.306409
5.282496
5.303098
4.85855
4.818866
5.201766
5.235234
5.280047
5.327364
0.710744
0.7572014
0.8239454
0.02996569
0.03376343
0.03651146
0.03699706
0.03681711
0.0368865
0.03697955
5.350412
5.932916
5.872805
5.373267
null
null
null
null
null
null
null
null
null
null
null
null
null
null
null
null
null
null
null
null
null
null
null
null
null
null
null
null
null
null
null
null
null
null
null
null
null
null
null
null
null
null
null
null
null
null
null
null
null
null
null
null
null
null
null
null
null
null
null
null
null
null
null
null
null
null
null
null
null
null
null
null
null
null
null
null
null
null
null
null
null
null
null
null
null
null
null
null
null
null
null
null
null
null
null
null
null
null
4.739128
4.440485
6.85699
6.86662
6.92727
6.744095
6.820129
56.70259
10.17085
10.98054
32.22435
47.79408
25.01902
null
null
null
null
null
null
null
null
null
37868.59
null
null
null
null
111672.7
57099.81
null
null
8624.928
103584.4
-0.05889525
4267.41
4305.992
226.266
236.4276
320.1191
363.1659
791.7097
469.6184
442.2861
622.5364
866.8541
368.5222
236.6931
122.7604
1.121577
0.00280782
1.178811
145.2777
0.2170822
494.3763
1199.829
138.9543
710.5204
24.16732
34.14293
106.4703
91.37773
125.4556
103.1246
43.34247
532.8666
109.7908
53.17455
26.63761
14.49804
115.2333
10.96901
81.397
224.7115
531.5345
105.1543
40.17159
29.21745
39.56964
0.1925132
21.86979
24.29986
0.2424038
0.000276993
Infinity
0.0002753234
0.0001597779
Infinity
0.0002750747
20.71991
21.03205
20.65752
0.007477289
0.0002760683
0.0002780851
0.0001919298
0.0002731906
0.0002761
0.0002780851
0.008318495
0.02160385
0.0002751339
0.000273627
0.0002761
0.0002785049
0.0002751181
Infinity
0.0002726625
0.0002762272
0.0002760841
0.0002759729
0.0002761954
0.0002768651
0.0002765458
20.72084
19.3961
7.099536
Infinity
0.0002785858
0.0002745983
0.0002761
0.0002759729
0.0002773454
20.7593
0.1175686
0.0002740804
0.0002767373
0.0002756082
0.0002758777
0.0002769131
0.0002762113
0.0002733463
1.280955E-07
Infinity
0.000273627
0.0002750707
Infinity
0.0002760524
0.0002747871
0.000277041
4.097587E-05
0.0002760841
0.0002757984
0.0002764024
0.0001419815
0.0002728176
0.0002772011
0.0275829
0.02660762
0.0002761159
0.0001559211
Infinity
0.0002744726
0.000277041
0.09917828
0.136151
0.0002563406
0.0002733151
0.0001936111
0.0002748816
0.0002744097
0.000458116
0.000276498
0.0002767532
0.0001392201
5.10061E-06
0.0002764661
Infinity
0.0002761477
0.0002759253
0.0001450648
0.0002753234
4.391067E-06
0.0002631479
0.0001381852
0.0002356823
0.0002751023
6.989003E-06
0.0002323033
0.0002733463
0.0002778756
0.0002760524
0.0001722131
0.0002740648
2.521883E-07
0.0002760841
0.0002760524
Infinity
0.0002766255
23.35178
23.59033
24.34908
17.14278
7.37007
0.000275197
0.0002760841
0.0002772332
0.000275957
0.09971761
0.1088732
0.1046197
0.09960051
0.1081632
0.03788634
0.0002764661
0.000277041
0.0001937675
0.0001769791
0.0002747556
Infinity
4.084288E-05
0.0002742528
0.0002760841
0.0002748816
0.0002774898
0.0002767213
0.0002760841
0.0002749446
2.859478E-06
0.0002526941
Infinity
0.000277105
0.0002767213
0.0002750077
Infinity
0.0001162868
0.0002730661
0.0002757667
0.0002762113
23.46967
23.60555
23.80688
23.53279
23.80892
17.31518
3.293106
0.0002744411
0.0002744411
0.0002764024
0.1112733
0.1181034
0.1184648
0.004994973
Infinity
0.0002686608
Infinity
0.0002740022
0.0002760841
2.42254E-07
0.0002726935
0.0002785858
0.0002753866
0.0002767213
0.0002760841
0.0002751339
0.000277105
12.05742
2.020795
7.346113
0.0001200955
0.0002750077
0.0002750077
0.0002760206
23.70509
24.33336
0.09049729
0.0002761477
0.0002761477
0.0001666713
0.0002742528
0.0002594187
0.0002735021
23.25779
45.25446
7.375139
0.0002742528
0.0002756399
0.000277041
0.0002765298
0.000277041
0.008365614
0.01318025
0.01250511
0.01262488
0.0126635
0.01285967
0.001551178
0.0002756399
0.000273877
0.000259756
Infinity
0.0002753866
3.866977E-06
0.0002756399
Infinity
0.0002765298
0.0002769131
21.87165
21.82284
21.53933
17.43513
7.426213
0.0002648042
0.0002740022
0.0002760206
Infinity
0.0002746297
6.252373E-06
0.0002742528
0.000274504
Infinity
0.0002760206
0.0002766575
0.0002769131
0.01325833
0.02268894
0.02862453
0.000277041
0.0002760206
0.0002765298
0.0002771691
0.0002756399
9.180424E-05
0.0002750077
0.0002766575
0.0002742528
23.16898
23.4958
24.00274
23.9831
23.71251
24.04149
17.15471
7.38869
0.0002757667
0.0002769131
0.0002761477
0.0001165695
0.0002751339
9.20692E-06
0.0002776826
0.0002769131
0.0002651556
Infinity
0.0002726315
0.0002776826
1.121817E-06
0.0002760206
0.0002760206
0.0002766575
Infinity
0.0002765298
0.0002778113
21.36751
15.88897
Infinity
0.0002740687
Infinity
0.000277057
Infinity
0.0002738066
5.097633E-07
0.0002360767
0.0002740335
0.0001261941
0.000274504
0.0002766415
0.0002761477
0.000275055
13.65205
14.02222
0.1763951
0.0002730972
0.0002774256
0.0001882904
0.0002746769
0.0002637122
0.0002741588
0.0002750865
0.00832067
22.03624
4.222853E-07
4.296971E-05
4.312553E-05
Infinity
4.303697E-05
4.34904E-05
4.313857E-05
4.296724E-05
39.56074
41.16415
12.98139
7.051445
4.314353E-05
4.31883E-05
4.327437E-05
Infinity
4.322942E-05
4.312863E-05
20.10463
7.507604
7.625883
2346.282
910.9375
136.1064
452.552
586.0508
249.2238
58.29667
92.05505
143.0517
174.3008
91.4487
201.0279
502.5382
297.9591
15.8444
0
-1.200168E-08
-1.21916E-08
-1.213344E-08
-1.217017E-08
-1.217455E-08
-1.215248E-08
-1.215317E-08
4.930973E-09
-1.214601E-08
-1.215317E-08
-1.215186E-08
-1.212107E-08
-1.218035E-08
-Infinity
-8.446016E-09
-1.210856E-08
-6.947574E-07
-1.18883E-08
-1.207393E-08
-1.217368E-08
-Infinity
-1.21621E-08
-1.214286E-08
-4.339742E-10
-1.214653E-08
-1.218351E-08
-1.212456E-08
-1.215108E-08
-1.218334E-08
-1.213205E-08
-3.7725E-10
-1.206082E-08
-1.22434E-08
-1.215335E-08
-1.21509E-08
-1.215405E-08
-1.21502E-08
-1.215038E-08
-1.215178E-08
-1.215038E-08
52.75002
53.52102
53.57938
20.09696
0.7244873
-1.210908E-08
-1.209728E-08
-1.21593E-08
-1.216982E-08
-1.212926E-08
-4.050876E-10
-1.214601E-08
-1.218949E-08
-1.21516E-08
-1.211673E-08
-1.213484E-08
-1.219231E-08
4.076936
0.8051881
-1.2153E-08
-1.214671E-08
-1.21579E-08
-1.21509E-08
-Infinity
-5.193662E-11
-1.219372E-08
-1.21544E-08
-1.21502E-08
-1.212508E-08
-1.217824E-08
-2.131834E-10
-1.217683E-08
-1.205583E-08
-1.2153E-08
-1.21516E-08
-1.21558E-08
-1.216561E-08
-1.213902E-08
0.009586431
0.01040408
0.01040961
0.01038814
0.01041158
0.01035631
0.01045667
0.01040359
0.01019963
0.01247776
-1.209451E-08
-1.210839E-08
-1.214182E-08
-Infinity
-1.21614E-08
-Infinity
-2.336857E-10
-1.214042E-08
-1.214461E-08
-1.2153E-08
-1.21572E-08
-1.217965E-08
-1.212926E-08
-1.214601E-08
0.009572572
0.01041207
4.302244E-05
-1.218246E-08
-1.2107E-08
-1.216982E-08
-1.2107E-08
-1.222337E-08
-1.187142E-08
-1.209867E-08
-1.21558E-08
3.458239E-11
-1.211673E-08
-1.219372E-08
-1.213205E-08
-1.21516E-08
-1.213623E-08
-1.216421E-08
1.34471E-10
-1.210561E-08
-1.121428E-08
-1.204758E-08
-1.213484E-08
-1.21488E-08
-1.2205E-08
0.01069374
0.01165611
0.01425706
-1.216561E-08
-1.21488E-08
-1.218808E-08
-1.212647E-08
-1.216E-08
-Infinity
14.64376
15.08223
15.22467
15.16326
15.10217
15.62158
15.15762
15.15459
21.43101
0.7478555
-1.21572E-08
-Infinity
-1.21516E-08
-Infinity
-1.135422E-08
-1.205996E-08
-1.21516E-08
-1.218808E-08
-1.211534E-08
-1.216841E-08
-4.171032E-10
-1.206548E-08
-1.189953E-08
-1.206272E-08
-1.21516E-08
-1.217122E-08
-1.185409E-08
2.585016E-09
-1.220217E-08
-Infinity
-1.21488E-08
-1.219935E-08
-1.210978E-08
-1.214601E-08
52.84391
53.2727
53.37161
79.88426
1.031791
-1.219653E-08
-1.211256E-08
-1.21516E-08
-1.21516E-08
-2.275897E-10
-7.5392E-09
-1.20462E-08
-Infinity
42.7978
47.7701
47.33347
47.69101
52.77174
0.001388512
0.001641993
0.01075563
0.008765504
52.87005
53.25294
53.38006
53.36814
52.74796
53.68172
53.58347
53.34696
53.3267
5.109388E-05
0.0001485229
0.0001464679
1539.057
1540.172
1539.512
1539.307
1539.74
1532.688
1532.077
1544.171
1531.199
1535.012
1543.836
1539.453
1538.948
1540.022
1539.492
1539.045
1539.531
1539.36
1534.376
1544.361
1539.45
1538.952
1515.109
1539.049
1518.092
1464.976
1537.615
1531.728
1516.508
1542.268
1466.776
1525.887
1504.601
1544.917
1478.912
1529.197
1521.974
1549.328
1531.929
1545.286
1539.956
1520.219
1534.739
1534.995
1534.229
1546.039
1533.541
1522.834
1540.259
1543.445
1536.839
1543.844
1515.55
1544.878
1541.507
1532.414
1547.233
1538.749
1536.35
1541.304
1540.556
1536.808
1541.765
1538.314
1539.107
1540.743
1532.137
1546.008
1539.932
1539.029
1532.426
1539.13
1536.591
1517.113
1503.999
1509.935
1528.276
1503.39
1537.071
1544.714
1539.621
1538.905
1539.387
1539.263
1539.387
1539.247
1539.543
1539.901
1539.263
1538.998
1539.652
1539.403
1539.029
1535.568
1543.445
1539.06
1536.28
1542.944
1539.73
1538.765
1539.356
1539.527
1539.216
1539.667
1531.782
1546.77
1539.434
1537.957
1541.335
1539.185
1531.825
1539.418
1539.372
1539.185
1539.823
1537.009
1524.725
1548.091
1539.434
1539.123
1539.418
1535.273
1535.568
1534.917
1531.828
1525.2
1541.694
1546.612
1497.71
1526.453
1543.601
1540.446
1533.727
1533.418
1536.56
1546.345
1534.221
1534.902
1542.585
1528.368
1524.756
1508.305
1530.612
1545.984
1540.057
1525.474
1545.607
1544.651
1538.843
1539.621
1532.06
1546.502
1539.885
1538.345
1540.867
1537.863
1539.761
1539.761
1539.45
1537.988
1540.54
1539.636
1539.076
1539.823
1533.433
1545.043
1539.201
52.7107
53.01262
53.65016
52.75734
53.31892
74.40961
77.15318
76.47552
81.26561
0.0002536059
0.0004649004
0.0004550113
0.001242273
0.001273312
0.001268895
0.001266539
0.001270546
46.98105
47.37556
52.69974
0.01067989
52.66312
0.001641714
0.001957326
15.93521
16.40648
52.68574
0.009390691
0.007582686
40.87815
47.85101
0.0002535827
0.0004660707
48.30132
48.5405
5.601298E-05
8.342596E-05
8.32925E-05
8.337574E-05
8.340486E-05
8.335165E-05
8.343098E-05
0.01067826
0.01014783
0.01015059
0.01014972
0.01014261
50.8121
49.99067
50.48185
50.18577
50.25357
46.96457
47.48074
46.97789
47.41279
47.20845
47.72528
47.50295
47.43637
47.48026
47.45306
47.48838
47.49459
47.48264
48.80096
53.77423
53.77293
52.76846
5.171473E-05
0.0001494171
0.0001495938
893.3828
11.56755
46.92978
46.95639
0.009560534
0.01041105
53.03874
0.009610512
0.01040265
0.00957179
0.01039901
44.98537
0.009508333
0.01256186
0.01257172
0.01069292
0.01139333
0.01076186
0.01171402
46.99192
52.73664
53.36196
46.96107
47.46642
53.00659
52.71486
53.34327
384.1834
360.8333
0.009593627
0.0106867
0.009583072
0.01040153
0.01040657
0.01026453
-0.00152623
-0.001474092
-0.001474173
-0.001474766
-0.001450236
-0.001484112
-0.001484003
-0.001478719
-0.001475469
-0.001473903
-0.001474821
-0.001472987
52.65314
53.38066
47.22747
47.47501
47.47309
47.45496
0.0002545198
0.0004677595
0.0004667414
0.0004646513
0.000464629
0.0004649424
0.0002545433
0.0004647632
0.0004648304
0.0004647856
5.167618E-05
0.0001490318
0.0001501534
0.0001497439
0.0001496372
0.0001476793
0.0001506054
0.0001506189
1063.233
1069.789
1075.967
1073.3
1071.554
1073.504
1070.385
16.36473
16.64592
50.81753
42.29497
44.95435
46.9578
0.01068522
0.01015582
0.00996417
0.009629484
0.01045102
0.01040209
0.01040769
0.009578552
0.01039817
5.16344E-05
0.0001492973
0.009581567
0.01041386
68.06304
69.01498
-0.001012356
-0.001259883
-0.001271882
-0.001264938
-0.001266529
-0.001266079
-0.0008716637
-0.001258856
-0.001272581
-0.001266183
-0.001266356
-0.00126556
-0.001265595
-0.001250904
45.31328
46.33038
14.75168
15.24493
15.06496
15.10019
15.2986
0.009561033
0.0104032
0.01044142
0.0104032
478.6199
477.2451
0.009573543
0.01040097
47.03172
47.41684
0.009359002
0.01047197
0.01047197
0.01047254
47.9758
-0.0006177968
-0.001069197
-0.001178232
-0.001099409
52.62966
53.34378
0.01069173
0.01163965
0.01145748
0.01171537
52.63787
53.34809
52.46217
52.39137
51.95819
52.95903
52.71191
52.68369
52.69427
275.6664
279.6454
280.3938
280.1866
279.7732
280.5124
0.009960735
0.009627458
0.0104161
0.01041049
0.01107028
0.01040713
0.01041722
0.01038923
0.009238693
0.007400514
0.007514393
0.01068759
0.01164898
0.01163034
0.01165699
46.98865
46.8841
64.93763
52.7496
53.33242
53.45319
976.2768
1010.477
1014.551
1012.271
0.003285652
0.004149638
0.009627458
0.01047027
0.01047254
46.96995
47.48169
47.48742
47.32937
47.49507
47.60041
46.93601
14.46478
14.91912
16.58187
16.58673
0.02034636
-1.976462E-07
-1.961917E-07
-1.961129E-07
-1.968072E-07
63.03266
0.8061942
-1.958041E-07
-1.963269E-07
-1.976148E-07
1.102516E-06
-1.969262E-07
-1.973809E-07
-1.966317E-07
-1.969148E-07
0.0002452371
0.0004544598
0.0004526196
0.001311922
-1.892263E-07
-1.953342E-07
-1.971817E-07
-1.967732E-07
-Infinity
358.7831
178.0681
0.7986263
-1.954794E-07
-1.97159E-07
-1.969205E-07
-1.964453E-07
-1.965922E-07
-1.954794E-07
-1.968751E-07
5.00789E-10
-1.952785E-07
-1.971703E-07
-1.969886E-07
-1.961636E-07
-1.97034E-07
-1.969659E-07
-Infinity
-Infinity
-1.961185E-07
-1.968525E-07
-1.965922E-07
-1.967619E-07
-1.969432E-07
-1.967845E-07
-2.818354E-07
-1.972045E-07
-1.968865E-07
-1.961636E-07
-1.970454E-07
-1.969318E-07
-1.970226E-07
-1.997038E-06
-1.972727E-07
-1.9666E-07
-1.970454E-07
-1.971362E-07
-1.964792E-07
-1.964566E-07
-1.971362E-07
423.6317
430.4019
427.763
426.6805
42.925
47.36279
47.78578
0.002316509
0.002588358
46.95902
-0.0008140083
0.009501816
0.01046597
0.01069774
0.01162965
46.9067
30.9257
4.718416
51.86793
53.52822
0.01069927
0.01168071
0.01143721
0.01163001
0.01172845
0.0117367
0.01172021
0.01165203
0.01152875
0.01164471
0.0117158
0.01164213
0.0117305
0.01163719
0.0117203
0.011349
0.01173531
0.01161589
0.01169819
0.01153723
0.01169224
52.3224
-5.55314E-09
-6.926456E-09
-Infinity
-8.746172E-09
-1.210943E-08
-1.21509E-08
1.717536E-09
-1.211951E-08
-6.031447E-09
-1.210665E-08
-1.215545E-08
-1.204964E-08
-1.225388E-08
-1.212682E-08
-1.217192E-08
52.38003
81.5243
0.8628496
-1.019008E-08
-Infinity
-1.21579E-08
-1.214811E-08
-1.2153E-08
60.64903
0.771805
-1.213833E-08
-1.219583E-08
-1.212995E-08
-1.214112E-08
-8.794634E-09
0.0002481702
0.0004546542
0.0004579466
0.001431622
-1.217052E-08
-1.212369E-08
-1.216841E-08
-4.320296E-09
-1.216701E-08
-1.21502E-08
-1.21516E-08
-9.876373E-09
-0.001111806
-0.001098396
-0.001107344
-0.001103581
-0.001088966
-0.001498757
-0.001110459
-2.466146E-06
-1.216E-08
-1.214461E-08
-1.217965E-08
-1.2153E-08
-1.102683E-08
6.089014E-09
-1.210561E-08
-1.21909E-08
-1.214461E-08
-1.214042E-08
-1.211812E-08
-1.222054E-08
-1.21488E-08
0.0003048827
0.0003216971
0.0003206817
0.0003203149
0.0003209363
0.0004428667
-1.213623E-08
-1.219653E-08
-1.213484E-08
-1.21558E-08
-Infinity
-1.210978E-08
-1.21488E-08
65.04839
54.05115
192.6116
14.31783
47.47256
90.32289
Infinity
NaN
NaN
NaN
NaN
NaN
50.89418
Infinity
NaN
NaN
NaN
NaN
NaN
63.79597
Infinity
NaN
NaN
NaN
0.01044691
NaN
NaN
NaN
NaN
NaN
NaN
NaN
NaN
NaN
NaN
NaN
NaN
NaN
NaN
NaN
NaN
NaN
NaN
NaN
NaN
NaN
NaN
NaN
NaN
NaN
613.8398
Infinity
NaN
NaN
NaN
NaN
NaN
0.007488557
NaN
NaN
NaN
NaN
NaN
NaN
NaN
NaN
NaN
NaN
NaN
NaN
NaN
NaN
NaN
78.30407
Infinity
NaN
NaN
NaN
NaN
NaN
NaN
NaN
NaN
658.4149
Infinity
NaN
NaN
NaN
NaN
NaN
NaN
NaN
NaN
NaN
NaN
NaN
NaN
NaN
NaN
NaN
NaN
NaN
221.9501
201.2326
NaN
NaN
NaN
NaN
NaN
NaN
NaN
NaN
NaN
NaN
NaN
NaN
NaN
NaN
NaN
17.09176
Infinity
NaN
NaN
NaN
NaN
NaN
NaN
NaN
NaN
NaN
30.03535
Infinity
NaN
NaN
NaN
NaN
NaN
NaN
NaN
24.74468
Infinity
NaN
NaN
NaN
NaN
NaN
80.11897
46.78419
10.03973
Infinity
NaN
NaN
NaN
NaN
NaN
NaN
NaN
NaN
NaN
NaN
NaN
NaN
NaN
NaN
NaN
NaN
NaN
NaN
NaN
NaN
NaN
NaN
NaN
NaN
NaN
NaN
NaN
NaN
NaN
NaN
NaN
NaN
NaN
NaN
NaN
NaN
NaN
NaN
NaN
NaN
NaN
NaN
NaN
NaN
NaN
NaN
NaN
NaN
NaN
NaN
NaN
NaN
NaN
NaN
NaN
NaN
NaN
NaN
NaN
NaN
NaN
NaN
NaN
NaN
NaN
NaN
NaN
NaN
NaN
NaN
NaN
NaN
NaN
NaN
NaN
NaN
NaN
NaN
NaN
NaN
NaN
NaN
NaN
NaN
NaN
NaN
NaN
NaN
NaN
NaN
NaN
NaN
NaN
NaN
NaN
NaN
NaN
NaN
NaN
NaN
NaN
NaN
NaN
NaN
NaN
NaN
NaN
NaN
NaN
NaN
NaN
NaN
NaN
NaN
NaN
NaN
NaN
NaN
NaN
NaN
NaN
NaN
NaN
NaN
NaN
NaN
NaN
NaN
NaN
NaN
NaN
NaN
NaN
NaN
NaN
NaN
NaN
NaN
NaN
NaN
NaN
NaN
NaN
NaN
NaN
45.1716
44.47074
Infinity
NaN
NaN
NaN
NaN
NaN
NaN
NaN
NaN
NaN
NaN
NaN
NaN
NaN
NaN
NaN
NaN
NaN
NaN
NaN
NaN
NaN
NaN
NaN
NaN
NaN
NaN
NaN
NaN
NaN
NaN
NaN
NaN
NaN
NaN
NaN
NaN
NaN
NaN
NaN
NaN
NaN
NaN
NaN
NaN
NaN
NaN
NaN
NaN
NaN
NaN
NaN
NaN
NaN
NaN
NaN
NaN
NaN
NaN
NaN
NaN
NaN
NaN
NaN
NaN
NaN
NaN
NaN
NaN
NaN
NaN
NaN
NaN
NaN
NaN
NaN
NaN
NaN
NaN
NaN
NaN
NaN
NaN
NaN
NaN
NaN
NaN
NaN
NaN
NaN
NaN
NaN
NaN
NaN
NaN
NaN
NaN
NaN
NaN
NaN
NaN
NaN
NaN
NaN
NaN
NaN
NaN
NaN
NaN
NaN
NaN
NaN
NaN
NaN
NaN
NaN
NaN
NaN
NaN
NaN
NaN
NaN
NaN
NaN
NaN
NaN
NaN
NaN
NaN
NaN
NaN
NaN
NaN
NaN
NaN
NaN
NaN
NaN
NaN
NaN
NaN
NaN
NaN
NaN
NaN
NaN
NaN
NaN
NaN
NaN
NaN
NaN
NaN
NaN
NaN
NaN
NaN
NaN
NaN
NaN
NaN
NaN
NaN
NaN
NaN
NaN
NaN
NaN
NaN
NaN
NaN
NaN
NaN
NaN
NaN
NaN
NaN
NaN
NaN
NaN
NaN
NaN
NaN
NaN
NaN
NaN
NaN
NaN
NaN
NaN
NaN
NaN
NaN
NaN
NaN
NaN
NaN
NaN
NaN
NaN
NaN
NaN
NaN
NaN
NaN
NaN
NaN
NaN
NaN
NaN
NaN
NaN
NaN
NaN
NaN
NaN
NaN
NaN
NaN
NaN
NaN
NaN
NaN
NaN
NaN
NaN
NaN
NaN
NaN
NaN
NaN
NaN
NaN
NaN
NaN
NaN
NaN
NaN
NaN
NaN
NaN
NaN
NaN
NaN
NaN
NaN
NaN
NaN
NaN
NaN
NaN
NaN
NaN
NaN
NaN
NaN
47.43451
83.42023
46.81195
39.03741
247.3603
249.2737
390.1269
258.6669
0.008866046
0.00944577
0.009810547
0.0100927
0.01059229
0.01069482
0.01019187
0.01046561
0.0001648881
4.077402E-05
0.0001273427
0.0001213447
0.0001263852
0.000204424
6.665496E-06
0.008636577
0.009542359
0.009691875
0.00897011
0.009767523
-1.305522E-08
47.08097
48.13507
47.58015
20.43786
-4.178615E-09
46.94272
17.1908
-9.311378E-09
0.009192191
0.01006815
2.399528E-05
0.0002031724
5.610095E-07
0.0005916636
41.87319
14.26324
-1.067137E-10
-7.351015E-05
-Infinity
-Infinity
-4.624766E-09
-Infinity
46.36619
21.16924
-Infinity
0.008227436
0.009150129
0.009266295
0.00913736
0.008956071
0.009085969
0.0005599619
-3.803848E-10
-2.496152E-10
-Infinity
-0.00100568
-8.705963E-08
0.008702396
0.009362132
0.009506167
0.0005500275
-8.580399E-09
-1.278686E-08
-1.139291E-08
-Infinity
43.06264
43.95907
0.01278739
-2.434731E-08
10.85783
11.42327
11.42337
0.003006524
-Infinity
4.159917E-05
0.0005783526
-6.396613E-09
3.192574
-4.209157E-08
41.67053
41.49502
13.76621
41.62405
14.09222
46.53076
20.82358
-9.100728E-09
47.04128
20.21676
1.698128E-10
44.57536
43.73109
44.09573
0.002462241
0.009784696
0.01031072
0.002190366
46.62671
17.192
-Infinity
-Infinity
7.200969E-11
-2.872541E-07
1.426849E-10
-Infinity
11.70212
-5.583548E-11
35.86266
-Infinity
40.89736
13.20834
8.008138E-08
0.000470801
0.001148781
0.000650779
4.318223E-05
0.0003183355
-8.626322E-09
-3.813363E-10
9.114955E-11
-1.016347E-09
-1.019647E-08
45.57417
44.87956
19.27141
0.008139108
0.009621436
9.715651E-07
45.32345
86.41418
-3.333195E-08
-3.811859E-07
6.792159E-11
-1.164572E-09
46.29392
46.37218
60.53683
31.61715
-7.287781E-09
0.009566361
0.01068489
0.007789561
1.590662E-10
-1.213975E-08
4.044317E-05
0.0001197797
0.000125464
0.0003099205
46.81253
17.64
-1.270523E-08
45.71928
46.64526
21.6863
0.008557132
0.01167268
41.2051
14.19826
13.60047
0.008319886
0.00873932
0.01233141
-Infinity
1.206025E-10
4.493227
4.48493
0.001089828
-6.380255E-09
50.82453
72.94573
0.0002119619
0.0003854043
0.0001403728
0.009316749
0.01008851
-1.002078E-08
-1.164073E-08
-9.504548E-07
-1.345065E-08
-1.140452E-08
5.606431E-11
3.808042E-11
-1.73554E-10
43.03119
43.29592
13.33934
-Infinity
3.552837E-10
0.0002157472
0.0003884652
0.0002786001
0.0004014451
0.0003914912
0.0003960685
0.001039896
46.23363
46.64065
46.8294
77.05187
40.09489
0.003161578
-1.228304E-05
-2.07122E-07
-1.991382E-07
-2.035292E-07
0.001296741
1.203181E-11
-1.299447E-08
-Infinity
40.81149
38.09721
38.03992
37.77437
17.57564
0.008306968
0.007969634
1.49101E-07
-Infinity
-1.052234E-08
46.19564
0.01484567
5.898997E-12
0.008394782
0.009059529
0.009235801
0.01129006
0.009489896
0.01227756
45.50439
46.29946
0.0001035709
-9.588054E-09
47.61167
47.90012
16.49282
-1.042187E-08
41.03103
0.004685403
-Infinity
-3.764686E-11
1.728711E-12
-7.804586E-09
45.56987
17.5217
1.446905E-10
46.59864
46.29528
0.01657154
1.675631E-10
11.24881
10.98075
0.8047089
-9.132477E-09
-1.073471E-08
-8.704482E-09
-0.001157728
-0.001162111
1.698547E-06
-8.270363E-09
-1.313151E-10
-1.372099E-08
-Infinity
-4.32414E-10
1.845049E-10
-1.282021E-08
0.009702628
0.009991613
0.007986011
4.070078E-05
0.0001232984
0.001222715
41.45698
42.08968
14.10401
2.635971E-10
46.92185
46.98365
73.59625
0.008451739
0.00482996
7.27548E-11
-Infinity
-8.729678E-09
46.92185
46.80572
17.5497
13.11419
15.5021
1.336671E-10
-1.707017E-08
46.11983
47.27818
51.05434
-8.133113E-13
-1.647508E-08
-5.62037E-08
-1.219949E-08
46.64928
29.83227
-5.195004E-10
430.4243
439.8737
431.7648
441.2133
0.001477018
46.6668
0.03081046
43.68763
0.006158053
-5.834529E-11
4.104264E-05
0.0003846716
3.322813E-12
-Infinity
0.009394118
0.01031112
9.760464E-07
1.034463E-10
-Infinity
-5.208055E-10
1.198712E-11
-1.445814E-08
-1.600019E-08
-1.48818E-08
0.003039008
0.003506416
0.004752734
-Infinity
-1.404106E-08
-7.564619E-08
-5.924966E-09
-1.588296E-06
-1.467353E-08
-3.041766E-07
46.15319
0.01800106
0.007164675
0.005428538
0.005356041
0.005549681
0.00537404
0.005533637
0.005868804
0.005621043
0.005612053
0.005611054
0.005278609
0.00561006
0.008212849
-0.001238438
4.378867
4.760825
4.669547
4.786401
4.74014
6.823862E-05
4.408578
0
0
0
0.001211548
7.026488
6.565605
5.343851
6.088052
16.67864
5.110705
7.698388
79.18398
55.85439
26.23549
28.56501
1.579853
52.56968
23.8672
1.532912
7.959809
24.69614
9.044946
7.894701
8.823845
143.1365
131.9818
178.9284
149.4406
183.6924
125.431
141.0434
108.5364
151.2235
144.6717
5.978421
21.25487
5.976896
8.71398
4.713806
0
4.808847
6.362606
8.73821
5.442818
6.389147
1.727666
6.363544
9.749991
6.543712
1.807244
6.9176
7.47333
0.001650882
5.819991
10.39609
7.608201
6.14306
1.826961
7.972186
7.198562
6.398655
18.21768
18.11304
7.779724
5.600937
4.595297
7.471644
17.14926
8.200884
2.042172
7.477426
15.66244
26.94092
5.666337
12.53963
7.24198
9.598142
14.49029
8.411441
11.85276
12.14213
41.19244
16.79414
11.51883
14.1977
11.41844
64.74111
0.8447897
0.8478342
0.8408957
1.664649
5.633449
7.01646
7.801608
68.86938
0
0.01954268
0.03781075
0.1183622
NaN
NaN
0
0.102446
0.3186796
0.03719018
5.172918
5.30221
0.2931733
7.977409E-07
5.810902
4.13646
4.457181
4.179419
0.2948268
0.7606868
0.6559796
0
3.353394E-07
NaN
0
0.02016694
0.07644945
0.004064528
0.05726463
5.833186
0.6433056
0
0
1.758787E-07
5.847433
9.45838
5.789956
0.3507627
NaN
0.3733603
0.6632054
6.927531E-08
0.07035981
0.8324077
0.9488494
0.9489313
0.8277861
0.8383627
0.7517962
5.788685
3.265347
0.8376712
1.167032
8.341065
6.724956
0
0
0
0
0
0
5.867003
5.99149
0.0001092257
0.004071746
0.01219955
0.01219938
0.01219801
3.520236E-05
0.840232
0.9490064
0.9488698
0.1963964
4.727755
5.39929
5.367905
0.8182929
5.858218
10.85139
NaN
6.381886
0.1494205
0.8436138
0.921306
0.1963635
0.744607
0.6560032
NaN
0.3963118
5.183263
0.1827869
0
5.529934
5.486601
5.487052
2.586823
0
1.624983
0
0
0
0
0
0
1.036505
0.9713692
0.9614748
1.758227
0.8993575
0
0.0001675578
0.002149717
0.01086702
0.03644739
0.09620136
0.2172318
0.4349814
0.8112887
0.9706396
2.242802
3.480529
5.051825
1.456357
4.518089
11.49066
14.1689
16.80678
19.99729
22.72746
25.54758
28.28042
30.50223
18.34926
34.86178
36.51364
34.82144
37.9128
38.90738
38.3673
38.81129
39.35826
21.67891
39.94561
40.16934
0
0.0001676274
0.00128525
0.01080348
0.02002218
0.09569858
0.2135438
0.4318972
0.811935
1.387586
2.238117
3.509318
5.04268
4.115031
8.996994
11.63478
14.13229
16.9991
19.76152
22.82802
25.50905
28.28735
18.5989
32.63566
35.27155
36.54202
37.70931
38.28285
38.71204
38.37862
14.76664
22.14569
39.1686
40.01723
40.14565
39.98341
0
0.0001675866
0.002147159
0.01087486
0.02198317
0.09562875
0.2177992
0.4372655
0.8057613
1.381322
2.263671
3.472283
5.027584
4.395603
9.063616
11.5378
14.17583
16.87636
19.94028
22.69185
25.56744
28.27716
15.33243
32.92013
34.97968
36.5578
37.67513
38.36601
38.63678
38.37172
21.27542
39.14041
39.73391
40.15027
40.1624
0
0.0001674667
0.002167488
0.01075371
0.02416395
0.09560139
0.2157723
0.4415275
0.8067354
1.374722
2.267247
3.479627
5.042753
4.44729
9.074534
10.26091
14.11608
16.92315
19.81866
22.77993
25.55199
28.01306
16.1776
32.93618
34.98169
36.23796
37.78058
38.60313
38.6162
38.36951
38.83196
21.8873
39.59773
40.1624
40.05573
0
0.0001684574
0.002154667
0.01084794
0.03603981
0.05892122
0.1735651
0.4317131
0.8146015
1.383662
2.236773
3.503573
5.06312
6.910438
2.914386
11.49066
14.16808
16.92024
19.7652
22.80988
25.5925
17.58769
30.67497
33.04758
34.97766
36.4037
25.41267
38.2532
38.49984
23.45733
38.6783
39.2818
39.60227
40.29932
40.07472
0
0.0001627715
0.002142856
0.006938717
0.03623934
0.09617091
0.2167234
0.4384007
0.8062596
1.08764
2.243124
1.864968
5.033929
6.919568
8.913228
11.43671
14.2396
16.8996
19.89219
22.71765
15.90683
28.16527
30.79906
33.0414
34.68864
36.85336
37.68163
38.38257
38.46287
11.32642
38.65004
24.42117
39.57389
40.12428
40.19133
0
0.0001053166
0.002147159
0.01084935
0.03632896
0.0954294
0.2182464
0.1810466
0.4033213
1.381896
2.251064
3.48113
5.049427
6.936702
9.10797
11.53216
14.14752
6.643535
19.75925
22.7576
25.51528
28.26008
30.72475
33.05947
33.08965
22.3555
37.54763
38.38036
38.59787
38.37117
38.73662
17.59396
35.13472
17.21536
0
0.0001684889
0.002154574
0.01072098
0.03622583
0.09620136
0.2172349
0.2464542
0.7993159
1.38257
2.251777
3.511662
5.008787
6.953118
9.114004
11.55744
7.021894
16.75491
19.97526
22.54119
25.72894
28.17497
30.71769
33.26445
34.83879
20.18322
37.21466
38.35938
38.98709
38.3789
38.67553
27.32352
39.60454
25.58716
0
0.0001698632
0.002154698
0.01074849
0.03671858
0.09560139
0.2165617
0.4413159
0.4718178
1.377867
2.258018
3.450731
4.689447
5.889422
9.049358
11.56177
14.14305
9.283024
19.63254
22.85777
25.53803
28.24464
20.00044
32.65515
35.2378
15.08286
37.50354
38.42792
38.59565
38.3999
38.82023
39.28519
39.7402
25.92768
0
0.0001672179
0.002146666
0.01082473
0.03621856
0.09680049
0.2166736
0.4384513
0.4434237
1.376922
2.258735
3.480729
5.05248
6.934506
9.089393
11.50633
8.548509
7.971468
19.75528
22.71961
25.53656
21.02223
27.49701
32.93052
34.70548
25.05921
37.55518
38.37926
38.61676
38.2117
29.02912
35.82998
39.57389
20.61386
0
0.0001684259
0.002155195
0.01084591
0.03582926
0.0958152
0.2167981
0.4383501
0.5214274
1.37128
2.269813
3.479227
5.007215
6.985983
9.099587
11.54711
14.18176
10.44093
19.75698
22.70981
25.56082
28.25846
30.80083
33.03189
35.00235
36.52677
17.39591
38.10073
38.75957
38.27863
38.74886
33.90376
39.60454
40.05861
22.72145
0
0.0001692931
0.001813925
0.01034183
0.0361574
0.09593898
0.2182337
0.4368381
0.3069498
1.382055
2.250676
3.477626
5.056702
6.89363
9.155144
11.53946
10.19951
16.89137
19.82693
22.67718
25.42615
28.31548
30.78576
33.049
35.05788
22.09175
37.53902
38.32631
38.68692
38.34689
27.98252
38.98109
39.76538
19.88824
0
0.0001698632
0.00215476
0.01077338
0.03627159
0.09620413
0.2171912
0.4381479
0.4551018
1.374252
2.260041
3.485847
5.043042
6.930117
9.128203
11.50369
14.19812
10.37729
19.57898
22.92748
25.32897
28.37765
30.95144
33.049
34.91085
24.93468
17.43762
38.23401
38.61787
38.37117
38.82917
39.2818
39.68537
39.86741
40.50174
0
0.0001678269
0.002154884
0.01084966
0.03635719
0.09619305
0.2171912
0.4374416
0.801052
0.8555346
2.239719
3.484842
5.047394
5.760295
9.071672
11.53216
14.08034
17.06163
12.29461
22.64076
25.55935
28.21786
30.85147
32.74363
35.29819
36.4743
37.75552
21.51542
38.39243
38.10794
39.14921
33.68867
34.53707
39.9542
40.20987
0
0.0001676058
0.002157617
0.01084904
0.03636347
0.09533139
0.2191717
0.4364367
0.8040854
0.4769527
2.23895
3.486048
5.007929
6.994501
9.107708
11.53548
14.16625
9.706286
19.75982
22.67718
25.54317
28.27309
30.75567
30.92836
33.87736
23.78634
37.48314
38.2801
38.72488
38.16904
38.58482
39.59636
39.74477
40.05976
27.99889
0
0.0001684259
0.002153521
0.01007966
0.02761036
0.09581795
0.2152584
0.4399999
0.5380223
1.382214
2.251194
3.480028
5.052916
6.932909
9.031278
11.52619
14.26064
10.69807
19.56785
22.92216
25.40142
28.29264
30.97653
32.91069
35.1207
36.54149
19.76281
37.93383
38.93618
38.24129
38.95925
39.1848
39.6034
40.38448
39.92904
0
0.0001678366
0.002149316
0.01078139
0.03669086
0.09533683
0.2172162
0.4413544
0.806306
0.7358496
2.238566
3.487053
5.051462
6.933707
9.102992
11.51559
14.19648
8.825298
19.75188
22.21636
25.45385
28.35307
30.63237
33.12529
34.84879
32.34457
18.09456
38.25155
38.59343
38.03619
38.82917
39.63776
39.75164
39.92675
40.36812
0
0.0001678077
0.002154388
0.01085403
0.0363551
0.09558772
0.1948206
0.4344157
0.3895271
1.379918
2.030938
3.468051
5.041015
6.948105
9.108232
11.53415
14.13695
6.7996
19.75075
22.64855
25.38545
28.50943
30.78045
33.02049
28.17667
16.41188
37.55841
38.28669
38.70478
38.36896
38.70216
33.41319
31.56358
21.56578
0
0.0001678944
0.002169623
0.01082847
0.02317969
0.09562054
0.2173413
0.1564472
0.8035322
1.384994
2.255218
3.480028
5.052334
6.927327
5.505321
5.581673
14.11911
16.91465
19.80754
18.68809
25.34776
28.40391
30.79285
32.96928
23.28103
36.40527
37.58644
38.44343
38.6201
33.91962
24.65411
39.13984
27.73846
39.64985
40.45475
0
0.0001684259
0.002154884
0.01082598
0.03136706
0.09586192
0.1395673
0.4357859
0.8054718
1.388346
2.252231
3.481431
5.051171
6.934506
9.104039
7.778241
14.12073
16.95067
19.82236
22.71503
25.57554
28.26984
30.78222
33.02429
13.93584
33.12609
37.53472
38.02035
38.9769
38.37779
38.76667
39.24113
17.21342
40.00461
40.05976
0
0.0001684356
0.002153149
0.006955619
0.01378439
0.09499536
0.2191845
0.4367879
0.8009146
1.399473
2.234217
3.48123
2.984658
6.842723
9.195053
11.53548
14.16788
16.80367
20.00891
22.69283
20.66903
11.59424
30.63588
32.98254
35.01546
36.5457
37.5886
38.56796
38.60454
24.70161
38.22834
39.76017
39.73791
40.00461
40.22379
0
0.0001699223
0.00215476
0.007359787
0.03614499
0.09585642
0.1252233
0.4350623
0.8081659
1.382769
1.934877
1.517267
5.032341
6.934506
9.106135
11.53548
14.16951
16.9536
19.83149
12.73798
25.46991
28.26821
30.79462
33.02239
35.00134
36.22659
37.71202
38.34615
22.28768
38.23252
38.82917
38.96552
39.83192
40.28884
24.56436
0
8.014194E-05
0.002147836
0.01084279
0.03636138
0.09619859
0.2172162
0.4374668
0.8067701
1.386907
1.319024
3.439247
5.08837
4.792492
8.393511
11.48983
14.16951
16.95652
19.82122
14.84293
25.46991
28.0743
30.91744
33.13293
34.67773
36.55411
37.69682
38.36379
22.71947
37.89565
38.8247
39.64467
39.67853
39.83781
40.27721
0
0.000168039
0.0009818567
0.01072006
0.03643058
0.09636503
0.2180572
0.4364116
0.8090057
1.201083
1.388079
3.466659
5.007929
6.993689
9.109806
11.53349
14.16951
16.9536
19.83378
11.16411
19.18387
28.17093
30.7964
33.0452
34.9832
36.53518
36.18812
20.00368
38.48494
38.07964
38.68662
39.27953
39.66029
31.77298
39.64759
0
0.0001161136
0.002126966
0.01085403
0.03635719
0.09683976
0.2178935
0.4332762
0.806538
1.399961
1.594412
3.455563
4.591301
6.873177
9.155144
11.53349
14.16951
16.9536
19.82464
13.23609
25.46699
28.27472
30.79285
33.0414
34.38926
36.40527
37.68814
19.65692
27.99868
38.17559
37.15638
39.06814
39.68309
39.99773
39.66563
0
0.0001678751
0.002134973
0.01084779
0.03662703
0.09634836
0.2156274
0.4412263
0.8055182
0.9315034
2.227346
3.485847
5.071021
6.946102
9.105611
11.48456
10.20247
9.318416
19.57453
22.7268
25.56082
28.27798
31.05747
32.7511
34.9832
36.55622
26.6657
38.24497
38.60454
38.12756
38.86496
39.43389
39.52405
40.43834
40.14507
0
0.0001678558
0.00215414
0.01084904
0.03636556
0.09619305
0.2172162
0.4372151
0.4916645
1.382452
2.255088
3.474628
5.051171
6.934106
9.105611
11.53083
14.15321
9.245868
19.75868
22.72419
25.55788
28.25846
30.67981
31.14144
34.56138
20.92577
37.25066
38.34615
38.60898
38.66719
38.66445
31.74377
39.59659
40.14507
23.8765
0
0.0001687075
0.002154636
0.01076476
0.03665254
0.09586192
0.2163941
0.4406634
0.4524278
1.374565
2.262918
3.48103
5.040725
6.9389
9.099326
11.52022
14.19566
11.41454
19.74962
22.62259
25.61095
28.33672
30.66925
33.17122
34.87879
36.65755
16.23619
38.22305
38.64012
38.32043
38.86496
39.29763
39.62841
40.15431
26.9152
0
0.0001683968
0.001805787
0.01042189
0.03604187
0.09633725
0.2179942
0.4334245
0.462369
1.379128
2.237029
3.500783
5.064581
6.934106
9.05143
11.60698
14.07229
11.14332
19.75868
22.64595
25.64053
28.20328
16.04391
32.89372
34.87479
14.92926
37.4767
38.13124
38.95427
38.28082
38.9143
38.92994
40.10265
27.24746
0
0.0001697843
5.355676
43.23237
9.24573E-05
0.001348982
0.007564593
0.02754836
0.07834276
0.1906111
0.4012549
0.7976372
1.453081
2.516901
3.926804
6.352763
9.430755
13.06947
17.8621
23.49215
30.24226
38.19623
47.41167
58.02999
461.7865
22.03039
0
0
0
1941.86
26.05939
4.822404
1.66588
0.7517369
0.4022923
0.2403324
0.1542824
0.1043976
0.07467671
0.05501817
0.04179115
0.03228748
0.0255792
0.02057511
0.01680991
0.01390124
0.01165423
0.009135162
0.008204649
0.007148869
0.005811563
0.005394991
0.004740966
0.004220291
0.001922522
0.003294502
0.00296121
0.002665654
0.002391322
0.002152158
0.001983417
0.00178491
0.001636518
0.001491546
0.001169736
0.001256082
0.001159173
0.001075871
0.0009909252
0.0009234397
0.0008561913
0.0007910816
0.0007412311
0.0007001479
0.000648648
0.0006040574
0.0005732345
0.000533046
0.0002452303
0.0004040003
0.0004440052
0.0003577812
0.0003960008
0
0
0
0
0
0
0
0
0
0
0
0
0
0
0
0
0
0
0
0
0
121.4492
60.47412
22.14232
0
0
0
1953.818
26.41724
4.899957
1.259176
0.7451214
0.403442
0.1864507
0.1455079
0.1042842
0.07475845
0.05504432
0.0415251
0.03251885
0.02552189
0.02051313
0.01680798
0.01389544
0.01169945
0.009804801
0.008397197
0.007194096
0.005921513
0.004766468
0.004551447
0.002540316
0.003700777
0.003310802
0.002956955
0.002260727
0.002386592
0.002167244
0.001966513
0.001783195
0.001637014
0.001494961
0.001369787
0.001260402
0.001162528
0.00107313
0.0009933924
0.0009168271
0.0008602529
0.0007927354
0.0007465487
0.0006921745
0.0006486387
0.0006088836
0.0005672159
0.0005378874
0.0005033466
0.000473376
0.0003475156
0.0004199519
0.0003975936
0
0
0
0
0
0
0
0
0
0
0
0
0
0
0
0
0
0
0
0
0
107.1694
52.02689
21.92146
0
0
0
1942.417
26.55307
4.881867
1.658699
0.7483878
0.4041011
0.2392214
0.1541161
0.1053895
0.07462841
0.0365061
0.04148287
0.03234187
0.02355144
0.02051078
0.01681403
0.01383771
0.01157444
0.009881135
0.007153436
0.00629212
0.006210949
0.005433818
0.004746949
0.004214378
0.003721389
0.003312755
0.002959762
0.002448332
0.00237746
0.002176265
0.001964647
0.001789639
0.001632703
0.001494036
0.001366426
0.001264605
0.001159839
0.0007728034
0.0009876501
0.0009229605
0.0008533904
0.0007989821
0.0007406567
0.0006928113
0.0006513568
0.0006079542
0.0005698934
0.0005351321
0.0005034625
0.0004736892
0.0004468944
0.0004216199
0.0003958649
0
0
0
0
0
0
0
0
0
0
0
0
0
0
0
0
0
0
0
0
0
120.4627
60.36186
22.00361
0
0
0
1734.385
26.51119
4.859161
1.660037
0.6563389
0.3809161
0.2389127
0.1542935
0.1050467
0.07470358
1.064202
25.59877
4.359992E-07
3.433775E-06
7.958176E-06
1.787754E-05
2.16663E-05
3.543195E-05
3.788005E-05
3.265138E-05
3.801338E-05
2.585028E-05
1.45627E-05
1.098379E-05
7.403402E-06
1.55696E-06
2.000116E-07
0
0
0
0
0
0
0
0
0
0
0
0
0
0
0
0
0
0
0
0
0
0
0
0
0
0
0
1.689538E-07
2.308214E-06
7.662602E-06
1.232139E-05
2.460109E-05
2.711373E-05
3.780638E-05
3.403068E-05
3.758523E-05
2.817605E-05
2.621689E-05
1.720934E-05
7.924406E-06
2.701781E-06
4.591766E-07
1.0453E-20
0
0
4.499402E-07
3.459201E-06
7.804825E-06
1.818749E-05
2.678804E-05
2.857798E-05
4.004883E-05
3.229942E-05
2.694333E-05
2.316165E-05
2.347817E-05
1.271135E-05
7.57326E-06
2.293958E-06
1.719786E-07
0
0
0
0
0
0
0
0
0
0
0
0
0
0
0
0
0
0
0
0
0
0
0
0
0
0
0
2.073027E-07
1.989849E-06
7.074935E-06
1.243057E-05
1.544282E-05
2.713781E-05
3.874582E-05
3.416642E-05
3.868679E-05
3.521199E-05
2.224682E-05
1.717329E-05
7.926787E-06
3.424454E-06
4.439091E-07
1.065445E-20
0
0
4.397876E-07
3.625101E-06
9.183495E-06
1.446303E-05
1.582924E-05
2.647916E-05
3.959025E-05
3.391119E-05
3.849007E-05
2.694731E-05
1.517696E-05
1.51057E-05
5.170149E-06
2.27404E-06
1.671838E-07
0
0
0
0
0
0
0
0
0
0
0
0
0
0
0
0
0
0
0
0
0
0
0
0
0
0
0
2.103712E-07
1.933934E-06
7.52208E-06
1.191897E-05
2.346735E-05
2.702952E-05
3.587779E-05
4.182638E-05
3.360693E-05
3.448731E-05
2.213347E-05
1.698283E-05
6.495812E-06
3.470993E-06
4.452187E-07
7.941837E-21
0
0
5.570842E-07
2.92029E-06
9.612489E-06
1.466241E-05
2.675773E-05
2.857049E-05
3.904092E-05
3.364727E-05
2.961259E-05
3.287521E-05
2.076722E-05
1.521298E-05
6.084739E-06
2.309011E-06
1.681025E-07
0
0
0
0
0
0
0
0
0
0
0
0
0
0
0
0
0
0
0
5.139375E-06
0.0006503721
0.004004937
0.01902087
0.05607476
0.1087237
0.2150086
0.4343356
0.9397452
1.247219
2.385365
2.817552
4.860218
7.01791
7.184748
9.154848
11.95068
11.41856
19.90653
29.18999
29.21811
33.15089
41.94136
12.47584
0
0
0
2099.525
24.83557
3.424311
1.260827
0.4364435
0.2769406
0.1539025
0.08031113
0.06269059
0.03480466
0.02733482
0.01655108
0.01320246
0.008707107
0.006879986
0.004780386
0.002964545
0.002465798
0.001496496
0.001149015
0.0006407714
0.0004402984
0.0002289171
0.0001528
6.209796E-05
2.589785E-05
6.286912E-06
0
0
0
0
0
0
0
0
0
0
0
0
0
0
0
0
4.688407
0
0
0
0
0
0
0
0
0
0
0
0
0
0
0
0
0
0
0
0
0
0
0
0
0
0
0
4.632526E-05
0.0007569576
0
1.617464E-07
24.30037
0
0
0
0
0
0
0
0
4.109074E-10
5.588123E-09
2.811508E-08
5.943777E-08
1.444565E-07
2.020951E-07
3.815355E-07
4.54574E-07
8.151961E-07
1.14709E-06
1.217976E-06
1.802963E-06
1.9202E-06
2.69355E-06
2.563414E-06
3.568327E-06
3.420545E-06
4.603921E-06
4.103376E-06
5.7064E-06
6.152026E-06
0
0
0
0
0
0
0
0
0
0
0
0
0
0
0
0
0
0
0
0
0
6.032176E-11
2.807374E-09
1.733271E-08
4.30881E-08
1.091615E-07
1.65428E-07
3.471033E-07
5.287087E-07
6.040902E-07
0
0
0
0
0
0
0
0
0
3.358988E-10
4.906258E-09
2.506238E-08
5.652216E-08
1.284418E-07
2.02444E-07
3.81227E-07
4.315705E-07
4.728294
26.62242
4.964395E-06
8.016439E-05
0.000359125
0.001522424
0.00284599
0.009191544
0.01952008
0.03091368
0.06789856
0.09842052
0.1868934
0.2542683
0.3767974
0.4736522
0.8067265
1.119849
1.341444
2.217057
2.473205
3.686528
4.379989
6.301718
6.871116
9.949142
13.01303
14.01863
19.0259
20.81272
24.3762
31.55106
340.4286
13.655
0
0
0
1472.355
16.63051
3.641697
1.028122
0.5795662
0.3109805
0.1541906
0.1202416
0.05942103
0.05675653
0.02841178
0.03169523
0.02113882
0.0199161
0.01584814
0.01098902
0.0107187
0.006591237
0.00720502
0.005273728
0.005243824
0.003887059
0.003983888
0.003635732
0.002669682
0.002826022
0.001816872
0.001868084
0.001383378
0.001513271
0.001153962
0.0009302991
0.0008619287
0.00063417
0.0009021629
0.0006921733
0.0007705767
0.0006028179
0.0005248749
0.0005171386
0.0005343931
0.0005300128
0.0004242617
0.0004631829
0.0003673389
0.0004026405
0.000323188
0.0003384582
0.0002848235
0.0003118793
0.0002968885
0.0002336774
0.0002669179
0
0
0
0
0
0
0
0
0
0
0
0
0
0
0
0
0
0
0
0
0
0
0
0
0
0
0
0
0
0
0
46.08553
31.77936
13.31937
0
0
0
1234.507
14.16925
2.960404
1.03186
0.4075364
0.2544
0.128049
0.1129493
0.06373966
0.05532119
0.02936532
0.02938997
0.02468325
0.01593095
0.01481699
0.00887277
0.008633335
0.006233746
0.005814262
0.004382888
0.00451612
0.003786288
0.002911546
0.002983147
0.002559665
0.002789828
0.001754382
0.002142989
0.001678572
0.001733176
0.001649021
0.001196206
0.001371896
0.0009553995
0.0009609448
0.0008321732
0.000977824
0.0008791821
0.0006742724
0.0007558215
0.0004730893
0.0004267382
0.0003947737
0.0004452965
0.0003540757
0.0004174815
0.0003782543
0.00030874
0.0003382231
0.0002568863
0.0002925784
0.000235382
0.000270197
0
0
0
0
0
0
0
0
0
0
0
0
0
0
0
0
0
0
0
0
0
0
0
0
0
0
0
0
0
0
0
71.63055
36.29861
15.14962
0
0
0
1053.798
19.88114
2.787102
1.242776
0.4530656
0.294307
0.1446244
0.1179658
0.06588949
0.04588291
0.03877056
0.01773977
0.02456986
0.01576392
0.01523333
0.01037774
0.008750009
0.008420572
0.006043358
0.006110008
0.004414437
0.004508364
0.003284596
0.00360159
0.003121598
0.001948331
0.002393025
0.001822368
0.001977617
0.00146097
0.001619471
0.001233694
0.001363589
0.001012588
0.000934005
0.0009805099
0.0007727317
0.000831258
0.0006860963
0.0007414676
0.0005834964
0.0005326279
0.0005991503
0.0004544955
0.0005274327
0.0003952618
0.0004682577
0.0003550388
0.0003301819
0.0003164452
0.0002602162
0.0003397787
0.0002703167
0
0
0
0
0
0
0
0
0
0
0
0
0
0
0
0
0
0
0
0
0
0
0
0
0
0
0
0
0
0
0
62.5577
39.09242
11.86315
0
0
0
999.6211
17.38132
3.023926
1.041615
0.5478408
0.2560546
0.1727284
0.1001272
0.07403578
0.04705069
0.03414291
0.03196424
0.01957231
0.01946542
0.01256401
0.01289324
0.008742091
0.008685943
0.007571151
0.004565973
0.005224605
0.003980132
0.004171513
0.003003613
0.003241867
0.002307561
0.00255063
0.002258146
0.001487144
0.001718367
0.001282587
0.001004881
0.0009568383
0.001214897
0.0009328636
0.001042457
0.0007890206
0.0006971415
0.0006804619
0.0005957645
0.0007028298
0.0005276946
0.0006005542
0.0005678893
0.0003782086
0.0004939821
0.0003757831
0.0004279744
0.0003316304
0.0003803454
0.0002958217
0.0003433566
0.0003196422
0
0
0
0
0
0
0
0
0
0
0
0
0
0
0
0
0
0
0
0
0
0
0
0
0
0
0
0
0
0
0
72.05727
45.21088
12.43946
0
0
0
1394.334
15.26024
3.423446
0.9801666
0.4984552
0.1966657
0.1449843
0.1087356
0.06036364
0.05650508
0.03428623
0.03201371
0.02372191
0.01067383
0.01036931
0.00972803
0.009641885
0.006879132
0.006603487
0.005023831
0.004189413
0.004374512
0.003225217
0.003386532
0.002548176
0.00252418
0.001912845
0.002095471
0.00140985
0.001787736
0.001651372
0.00125685
0.001302712
1.582148
22.03185
0
0
0
0
0
0
0
0
0
0
0
0
0
0
0
0
0
0
0
0
0
0
0
0
0
0
0
0
0
0
0
0
0
0
0
0
0
0
0
0
0
0
0
0
0
0
0
0
0
0
0
0
0
0
0
0
0
0
0
0
0
0
0
0
0
0
0
0
0
0
0
0
0
0
0
0
0
0
0
0
0
0
0
0
0
0
0
0
0
0
0
0
0
0
0
0
0
0
0
0
0
0
0
0
0
0
0
0
0
0
0
0
0
0
0
0
0
0
0
0
0
0
0
0
0
0
0
0
0
0
0
0
0
0
0
0
0
0
0
0
0
0
0
0
0
0
0
0
0
0
0
0
0
0
0
0
0
0
0
0
0
0
0
0
0
0
0
0
0
0
0
0
0
0
0
0
0
0
0
0
0
0
0
0
0
0
0
0
0
0
0
0
0
0
0
0
0
0
0
0
0
0
0
0
0
0
0
0
0
5.784464
15.2704
1.149132
2.973978
5.860304
1.554597
6.408307
21.14704
0
8.394334E-07
6.880028E-06
1.380485E-05
2.732361E-05
3.215396E-05
4.043296E-05
8.548367E-05
7.789901E-05
9.701058E-05
9.260291E-05
5.621828E-05
6.42233E-05
3.873595E-05
2.491987E-05
1.516158E-05
4.293862E-06
5.558332E-07
0
0
0
0
0
0
0
0
0
0
0
0
0
0
0
0
0
0
0
0
0
0
0
0
0
5.89245E-07
5.02729E-06
1.261148E-05
1.750194E-05
4.759305E-05
4.784472E-05
6.393097E-05
7.558976E-05
9.49794E-05
9.26565E-05
7.046515E-05
6.284522E-05
4.365805E-05
2.43215E-05
1.576305E-05
7.345138E-06
1.47524E-06
1.093485E-08
1.460197E-06
6.219862E-06
1.010334E-05
3.006168E-05
4.305956E-05
7.102309E-05
6.70639E-05
9.306786E-05
7.701197E-05
7.472793E-05
8.187674E-05
5.412849E-05
3.985191E-05
2.809385E-05
1.261806E-05
4.079363E-06
5.712193E-07
0
0
0
0
0
0
0
0
0
0
0
0
0
0
0
0
0
0
0
0
0
0
0
0
0
7.098799E-07
4.359302E-06
1.096475E-05
2.578834E-05
3.872747E-05
5.105283E-05
6.63289E-05
8.559338E-05
8.080464E-05
9.37148E-05
8.320511E-05
5.920099E-05
3.617267E-05
2.248979E-05
1.892607E-05
7.141296E-06
1.267234E-06
1.252467E-08
1.039879E-06
5.858076E-06
1.571126E-05
2.936685E-05
5.268725E-05
5.713915E-05
6.695507E-05
9.391567E-05
7.733745E-05
9.297241E-05
6.718963E-05
5.630895E-05
3.82754E-05
2.306815E-05
1.507376E-05
4.339947E-06
7.248943E-07
0
0
0
0
0
0
0
0
0
0
0
0
0
0
0
0
0
0
0
0
0
0
0
0
0
6.078481E-07
5.227198E-06
1.00346E-05
2.991188E-05
3.996885E-05
4.356479E-05
7.935448E-05
7.692909E-05
9.616378E-05
9.4498E-05
7.209802E-05
6.980635E-05
3.654653E-05
2.956905E-05
1.533218E-05
5.509333E-06
1.1567E-06
1.088728E-08
1.215529E-06
4.99836E-06
1.922941E-05
2.992747E-05
4.251395E-05
6.9334E-05
5.82002E-05
9.483036E-05
9.657668E-05
6.047715E-05
5.863459E-05
4.798027E-05
3.700098E-05
2.201365E-05
1.257491E-05
5.279846E-06
5.895906E-07
0
0
0
0
0
0
0
0
0
0
0
0
0
0
0
0
0
0
0
0
0
0
0
0
0
7.417427E-07
4.372958E-06
1.513133E-05
2.056995E-05
2.984024E-05
6.507817E-05
6.657716E-05
6.926984E-05
7.953667E-05
7.154433E-05
8.448667E-05
5.035095E-05
5.320947E-05
2.803197E-05
1.895822E-05
7.489173E-06
1.037663E-06
1.31528E-08
1.260392E-06
7.593783E-06
1.54255E-05
2.899454E-05
4.04548E-05
4.396006E-05
8.430652E-05
8.966352E-05
8.065373E-05
9.243789E-05
5.028236E-05
6.468269E-05
3.888055E-05
2.856273E-05
1.502422E-05
4.186695E-06
5.728878E-07
0
0
0
0
0
0
0
0
0
0
0
0
0
0
0
0
0
0
0
0
0
0
0
0
0
5.96716E-07
5.083962E-06
1.267065E-05
2.488271E-05
4.839082E-05
5.196927E-05
8.029566E-05
7.116207E-05
7.678194E-05
9.292804E-05
6.88846E-05
6.82567E-05
3.074178E-05
3.469291E-05
1.489175E-05
6.108191E-06
1.525423E-06
1.093161E-08
1.502689E-06
6.167139E-06
1.638006E-05
2.731018E-05
4.311615E-05
6.785765E-05
7.143588E-05
8.78361E-05
9.862344E-05
7.745135E-05
6.429898E-05
4.781739E-05
4.755471E-05
3.007632E-05
1.259176E-05
5.246106E-06
5.905857E-07
0
0
0
0
0
0
0
0
0
0
0
0
0
0
0
0
0
0
0
0
0
0
0
0
0
7.074462E-07
4.329364E-06
1.481201E-05
2.294917E-05
3.834725E-05
5.440907E-05
6.343031E-05
9.315622E-05
7.727103E-05
7.283271E-05
8.120437E-05
5.801418E-05
5.278144E-05
2.922455E-05
1.640581E-05
7.236195E-06
1.038169E-06
1.306667E-08
1.275868E-06
7.176642E-06
1.93311E-05
2.923216E-05
5.182717E-05
4.32072E-05
8.480377E-05
9.305963E-05
7.963053E-05
9.091878E-05
5.38586E-05
5.208097E-05
4.023527E-05
2.494595E-05
1.510067E-05
4.304102E-06
7.230058E-07
0
0
0
0
0
0
0
0
0
0
0
0
0
0
0
0
0
0
0
0
0
0
0
0
0
5.877818E-07
5.268535E-06
1.244322E-05
2.917703E-05
3.882939E-05
5.413562E-05
8.038227E-05
6.684446E-05
9.770414E-05
9.516368E-05
7.030332E-05
5.524539E-05
4.384031E-05
3.494548E-05
1.554919E-05
7.493163E-06
1.297039E-06
1.099593E-08
1.167343E-06
6.170296E-06
1.911844E-05
3.517168E-05
4.416084E-05
7.16241E-05
7.08492E-05
6.674117E-05
9.124668E-05
7.565202E-05
8.051068E-05
5.319294E-05
4.729221E-05
2.923838E-05
1.038797E-05
4.297792E-06
4.65662E-07
0
0
0
0
0
0
0
0
0
0
0
0
0
0
0
0
0
0
0
0
0
0
0
0
0
7.365833E-07
4.330643E-06
1.45171E-05
2.489013E-05
3.823683E-05
6.65505E-05
5.807069E-05
9.111063E-05
7.710547E-05
9.425947E-05
8.438149E-05
4.821958E-05
5.280032E-05
2.8413E-05
1.356376E-05
6.516599E-06
1.274533E-06
1.049867E-08
1.255563E-06
7.486012E-06
1.447852E-05
2.976024E-05
4.938274E-05
4.119904E-05
4.858459E-05
7.170147E-05
9.47876E-05
8.732337E-05
5.441425E-05
6.184285E-05
2.915721E-05
3.015241E-05
1.467109E-05
4.306631E-06
7.12509E-07
0
0
0
0
0
0
0
0
0
0
0
0
0
0
0
0
0
0
0
0
0
0
0
0
0
4.889968E-07
5.14644E-06
1.222205E-05
2.958572E-05
4.741039E-05
4.438582E-05
7.87483E-05
7.350025E-05
8.400488E-05
7.683573E-05
8.284916E-05
5.452593E-05
4.351008E-05
3.261774E-05
9.79438E-06
6.002203E-06
1.276633E-06
7.240037E-09
1.51095E-06
6.147822E-06
1.915644E-05
3.479396E-05
4.420051E-05
5.688313E-05
6.114395E-05
9.112424E-05
9.419218E-05
7.618975E-05
8.101396E-05
5.392129E-05
3.721354E-05
2.483826E-05
1.507107E-05
3.642097E-06
5.885989E-07
0
0
0
0
0
0
0
0
0
0
0
0
0
0
0
0
0
0
0
0
0
0
0
0
0
6.273705E-07
4.242276E-06
1.525827E-05
2.457126E-05
3.630304E-05
6.307741E-05
6.548147E-05
8.729246E-05
6.821018E-05
6.291484E-05
5.574869E-05
4.919602E-05
4.700834E-05
2.584098E-05
1.692979E-05
5.765231E-06
1.076197E-06
1.039812E-08
1.230539E-06
7.349121E-06
1.462836E-05
3.287011E-05
3.974951E-05
5.645072E-05
8.35347E-05
6.617833E-05
9.107734E-05
8.401524E-05
4.903753E-05
5.656114E-05
3.511277E-05
2.608872E-05
1.323613E-05
2.440496E-06
5.036609E-07
0
0
0
0
0
0
0
0
0
0
0
0
0
0
0
0
0
0
0
0
0
0
0
0
0
6.520749E-07
4.649346E-06
1.10862E-05
2.714109E-05
3.124624E-05
4.68142E-05
7.243535E-05
7.099513E-05
8.445172E-05
7.031117E-05
7.306392E-05
5.078299E-05
3.444865E-05
3.101E-05
1.217576E-05
6.819892E-06
1.348141E-06
8.230397E-09
1.385181E-06
5.584048E-06
1.456405E-05
2.717275E-05
4.896507E-05
5.439116E-05
6.537298E-05
8.934357E-05
7.471493E-05
8.786021E-05
6.822035E-05
4.229511E-05
4.619813E-05
2.362501E-05
1.467364E-05
5.097416E-06
5.636205E-07
0
0
0
0
0
0
0
0
0
0
0
0
0.021077
0
0
0
0
0
0
0
0
0
0
0
0
0
0
0
0
0
0
0
0
0
0
0
0
0
0
0
0
0
0
0
0
0
0
0
0
0
0
0
0
0
0
0
0
0
0
0
0
0
0
0
0
0
0
0
0
0
0
0
0
0
0
0
0
0
0
0
0
0
0
0
0
0
0
0
0
0
0
0
0
0
0
0
0
0
0
0
0
0
0
0
0
0
0
0
0
0
0
0
0
0
0
0
0
0
0
0
0
0
0
0
0
0
0
0
0
0
0
0
0
0
0
0
0
0
0
0
0
0
0
0
0
0
0
0
0
0
0
0
0
0
0
0
0
0
0
0
0
0
0
0
0
0
0
0
0
0
0
0
0
0
0
0
0
0
0
0
0
0
0
0
0
0
0
0
0
0
0
0
0
0
0
0
0
0
0
0
0
0
0
0
0
0
0
0
0
0
0
0
0
0
0
0
0
0
0
0
0
0
0
0
0
0
0
0
0
0
0
0
0
0
0
0
0
0
0
0
0
0
0
0
0
0
0
0
0
0
0
0
0
0
0
0
0
0
0
0
0.2457822
0
0.000116466
0.001541363
0.006301474
0.01985948
0.05548301
0.1485455
0.303957
0.4417944
0.9187644
1.220444
2.160798
2.791441
3.604537
5.731269
5.95352
2.313257
9.981716
9.478781
13.59642
12.16575
17.30701
15.13028
19.85261
18.05998
17.8022
19.32206
18.1339
22.14864
21.32392
19.03548
0
9.2413E-05
0.001417011
0.006785809
0.01722228
0.06631772
0.1267701
0.2647482
0.4565945
0.9511013
1.604633
1.766009
3.374619
3.875849
6.017938
7.797195
8.145484
11.64947
10.61718
15.06417
14.39786
15.20257
19.24176
17.69355
21.85455
18.39277
21.45752
21.62349
18.02901
19.14769
17.37871
0
0.0001081355
0.001192507
0.007598622
0.0205035
0.06818905
0.1334168
0.2315101
0.526782
0.7569212
1.466977
1.900379
3.240136
4.428976
4.549667
7.792202
7.884868
11.22729
13.16734
12.15129
13.32108
14.55717
15.72411
18.55145
16.75958
20.44088
17.7537
21.85835
22.98601
18.95329
20.06162
0
8.722865E-05
0.001201345
0.007071769
0.02386006
0.05361431
0.137047
0.168377
0.5196381
0.9541996
1.283849
2.372523
2.730934
4.539124
6.087724
5.630507
9.672639
8.903677
12.61567
12.18519
17.15708
17.8356
11.56457
18.62053
17.92404
23.10417
22.94587
19.23664
23.35982
18.38646
23.22021
0
8.918963E-05
0.00147313
0.006499573
0.02453801
0.05688347
0.1429579
0.295281
0.4416225
0.8403527
1.270577
2.412899
3.421925
3.890164
5.554322
5.599242
23.27667
0.0002167598
0.001913532
0.007168788
0.02513533
0.05929193
0.1743346
0.3582633
0.5543249
0.9682316
1.576882
3.40317
5.594606
6.813737
Infinity
Infinity
Infinity
Infinity
Infinity
Infinity
Infinity
391.7757
Infinity
Infinity
Infinity
NaN
NaN
NaN
NaN
Infinity
Infinity
Infinity
Infinity
Infinity
Infinity
Infinity
Infinity
Infinity
Infinity
Infinity
Infinity
Infinity
Infinity
Infinity
Infinity
Infinity
Infinity
Infinity
Infinity
Infinity
0.0004204818
0.0003248042
0.0002543614
0.0001559247
0.0001227716
6.158461E-05
4.643541E-05
3.506064E-05
1.978594E-05
9.088811E-06
5.550573E-06
2.517007E-06
1.236693E-06
3.275857E-07
6.994059E-07
8.821145E-07
1.046039E-06
1.845536E-06
2.493096E-06
3.876395E-06
4.053401E-06
5.134737E-06
4.629598E-06
6.170895E-06
8.467825E-06
7.303495E-06
1.035534E-05
1.210874E-05
8.47074E-06
1.299136E-05
0
0
0
0
NaN
NaN
NaN
NaN
NaN
NaN
NaN
NaN
NaN
NaN
NaN
NaN
NaN
NaN
NaN
NaN
NaN
NaN
NaN
NaN
NaN
NaN
NaN
NaN
NaN
NaN
NaN
NaN
NaN
NaN
NaN
NaN
NaN
NaN
NaN
NaN
NaN
NaN
NaN
NaN
NaN
NaN
NaN
NaN
NaN
NaN
NaN
NaN
NaN
NaN
NaN
NaN
NaN
NaN
NaN
NaN
NaN
NaN
NaN
NaN
NaN
NaN
NaN
NaN
NaN
NaN
NaN
NaN
NaN
NaN
NaN
NaN
NaN
NaN
NaN
NaN
NaN
NaN
NaN
NaN
NaN
NaN
NaN
NaN
NaN
NaN
NaN
NaN
NaN
NaN
NaN
NaN
NaN
NaN
NaN
NaN
NaN
NaN
NaN
NaN
NaN
NaN
NaN
NaN
NaN
NaN
NaN
NaN
NaN
NaN
NaN
NaN
NaN
NaN
NaN
NaN
NaN
NaN
NaN
NaN
NaN
NaN
NaN
NaN
NaN
NaN
NaN
NaN
NaN
NaN
NaN
NaN
NaN
NaN
NaN
NaN
NaN
NaN
NaN
NaN
NaN
NaN
NaN
NaN
NaN
NaN
NaN
NaN
NaN
NaN
NaN
NaN
NaN
NaN
NaN
NaN
NaN
NaN
NaN
NaN
NaN
NaN
NaN
NaN
NaN
NaN
NaN
NaN
NaN
NaN
NaN
NaN
NaN
NaN
NaN
NaN
NaN
NaN
NaN
NaN
NaN
NaN
NaN
NaN
NaN
NaN
NaN
NaN
NaN
NaN
NaN
NaN
NaN
NaN
NaN
NaN
NaN
NaN
NaN
NaN
NaN
NaN
NaN
NaN
NaN
NaN
NaN
NaN
NaN
NaN
NaN
NaN
NaN
NaN
NaN
NaN
NaN
NaN
NaN
NaN
NaN
NaN
NaN
NaN
NaN
NaN
NaN
NaN
NaN
NaN
NaN
NaN
NaN
NaN
NaN
NaN
NaN
NaN
NaN
NaN
NaN
NaN
NaN
NaN
NaN
NaN
0
0
0
0
0
0
0
0
0
0
0
0
0
0
0
0
0
0
0
0
0
0
0
17705
44.4651
37.4232
1.813639
0
0
0
865.2297
13.8864
3.926456
1.180645
0.6361442
0.3351103
0.1505196
0.09800702
0.0618624
0.05337841
0.03595287
0.02277972
0.01707832
0.01089608
0.009149351
0.006805085
0.004358379
0.002917094
0.002145231
0.002115788
0.001476669
0.0006786884
0.0006667859
0.0003642601
0.0003522761
0.0002358814
0.0001180557
5.950952E-05
2.441341E-05
1.50973E-05
3.6522E-06
0
0
0
0
0
0
0
0
0
0
0
0
0
0
0
0
0
0
0
0
0
0
0
0
0
0
0
0
0
0
0
0
0
0
0
101.1535
100.4025
10.98822
0
0
0
31187.57
22.76585
4.147495
1.094321
0.5847393
0.2948735
0.09706862
0.08641406
0.05291529
0.04103564
0.02718331
0.0160924
0.01036952
0.008436086
0.008867689
0.00750386
0.005319909
0.005334705
0.004563994
0.005145051
0.004360628
0.003097304
0.00331282
0.00194861
0.001659571
0.001638846
0.0009211833
0.0008931381
0.0003898946
0.0003979166
0.0002915472
0.0001491384
0.000112924
4.115458E-05
3.954287E-05
3.509389E-05
2.591186E-05
2.505696E-05
1.611872E-05
1.620482E-05
1.402728E-05
1.07891E-05
1.042718E-05
6.61691E-06
3.374136E-06
1.133351E-06
5.319816E-06
1.461561E-05
2.304635E-05
3.592611E-05
5.49585E-05
9.585264E-05
0.0001386985
0.0001313003
0.0002100425
0.0002061017
0.0001934675
0.0003063655
0.0002910709
0.0003840129
0.0003567669
0.0003728968
0.0002900571
0.0003762094
0.000472499
0.0003886407
0.000448397
0.0004219
0.0003563997
0.0004533094
0.000408577
0.0003967328
0.0003213144
0.000314251
0.0003974054
0.0003384184
0.0003911656
0.0002983314
0.0002392312
0.0002999852
0.0002492584
0.0002613953
0.0002533083
0.0001480038
0.0001707122
0.0001436049
0.0001408932
0.0001060829
6.475677E-05
8.27329E-05
5.984793E-05
5.843529E-05
4.467543E-05
2.723142E-05
2.531753E-05
2.377139E-05
3.399817E-05
3.158862E-05
3.140027E-05
3.198013E-05
3.301184E-05
4.535284E-05
4.560663E-05
4.090029E-05
3.613076E-05
3.303371E-05
4.245686E-05
4.630988E-05
4.464376E-05
4.163097E-05
3.998841E-05
6.08007E-05
5.956488E-05
4.59108E-05
2.589559E-05
2.573634E-05
1.924212E-05
2.427277E-05
1.585965E-05
1.168059E-05
1.259001E-05
1.155841E-05
8.457136E-06
4.663249E-06
3.591242E-06
2.281125E-06
1.647863E-06
1.12536E-06
4.948253E-07
2.132876E-07
6.65071E-08
7.242393E-10
0
0
0
0
0
0
0
0
0
0
0
0
0
0
0
0
0
0
0
0
0
0
0
0
0
0
0
0
0
0
0
0
0
0
0
0
0
0
0
0
0
0
0
0
0
0
0
0
0
0
0
0
0
0
0
0
0
0
0
0
0
0
0
0
0
0
0
0
0
0
0
0
0
0
0
0
0
0
0
0
0
2.366385E-08
6.949932E-07
0
1.233223E-08
1.186237E-06
1.2027E-06
1.41899E-06
1.065905E-06
1.371644E-06
1.148737E-06
Infinity
Infinity
Infinity
Infinity
Infinity
Infinity
Infinity
Infinity
Infinity
Infinity
Infinity
Infinity
Infinity
Infinity
Infinity
Infinity
Infinity
Infinity
Infinity
Infinity
Infinity
Infinity
Infinity
Infinity
Infinity
Infinity
Infinity
Infinity
Infinity
Infinity
Infinity
Infinity
Infinity
Infinity
Infinity
Infinity
Infinity
8.268814E-07
7.516933E-07
5.166067E-07
3.472954E-07
0
0
0
0
0
0
0
0
0
0
0
0
0
0
0
0
0
0
0
0
0
0
2.115414E-11
0
0
0
0
0
0
0
0
0
0
0
0
0
0
0
0
0
0
0
0
0
0
0
0
0
0
0
0
0
0
0
0
0
0
0
0
0
0
64.03133
42.8622
9.201916
1.147798
0
0
0
0
42.02118
5.064167
1.792691
0.7579726
0.2670327
0.2087436
0.1137025
0.08044906
0.06068012
0.03500935
0.03337076
0.01733229
0.02083606
0.01562361
0.01000948
0.008089433
0.004185381
0.004888365
0.001587049
0
0
0
0
0
0
0
0
0
0
0
0
0
0
0
0
0
0
0
0
NaN
NaN
Infinity
0
0
0
0
0
0
0
0
0
0
0
0
0
0
0
0
0
0
0
0
0
0
0
0
0
0
0
0
0
0
0
0
0
0
0
0
0
0
173.6379
48.94077
21.3281
0.3256358
0
0
0
490.5545
15.85368
3.34404
0.9146091
0.3731573
0.210057
0.1386674
0.07140224
0.04097627
0.02720021
0.01688621
0.01101976
0.00649328
0.003914509
0.002942096
0.001472154
0.001014145
0.0005446755
0.0001951139
7.171521E-05
1.779745E-05
0
0
1.10942
0
0
0
0
0
0
0
0
0
0
0
0
0
0
0
0
0
0
0
0
411.8253
31.20074
24.59852
0.6586214
0
0
0
306.1713
14.3918
2.889561
1.336392
0.5145736
0.3213569
0.1707394
0.1042583
0.08406418
0.04597393
0.04073612
0.03653275
0.01860406
0.01760096
0.01052767
0.006648487
0.008767216
0.005748516
0.005289003
0.002868742
0.00350996
0.002566991
0.00205762
0.001584069
0.001017407
0.001201312
0.0008370654
0.0005757501
0.000517308
0.0002394263
0.000254044
0.0001905554
0.0001095902
6.831993E-05
4.294578E-05
5.538171E-05
0
0
0
0
0
0
0
0
0
0
3.629528E-10
7.234242E-09
2.295267E-08
6.035576E-08
1.26382E-07
2.119722E-07
4.350994E-07
3.378597E-07
7.613183E-07
1.156216E-06
1.220457E-06
2.025118E-06
1.971594E-06
2.853383E-06
3.361134E-06
2.181805E-06
3.790478E-06
3.864078E-06
4.797124E-06
5.847591E-06
4.081201E-06
0
0
0
0
0
0
0
0
0
0
0
0
1.04612E-08
3.830048E-06
2.253722E-05
9.334644E-05
0.00021598
0.0005295177
0.0009095994
0.0009124255
0.001894685
0.002251375
0.003297172
0.003674398
0.004588876
0.004203687
0
0
0
0
0
0
0
0
0
0
0
0
0
0
0
0
0
0
0
0
1.543132E-08
4.150124E-07
1.858685E-06
4.89052E-06
7.530433E-06
9.595896E-06
8.462845E-06
1.205742E-05
1.54945E-05
1.630539E-05
0
0
0
0
0
0
0
0
0
0
0
0
0
0
0
0
0
0
0
1.230266
0
0
0
0
0
0
0
0
0
0
0
0
0
0
0
0
0
0
0
0
0
0
0
0
74.93534
47.12278
10.46701
1.482874
0
0
0
0
1788.629
21.31497
3.305805
0.9728795
0.4744343
0.2858615
0.2062217
0.1117034
0.08388576
0.04477401
0.0467031
0.0313646
2.568697
0
0
0
0
0
0
0
0
0
0
0
0
0
0
0
0
0
0
0
0
0
0
11382.13
49.3974
39.03595
0
0
0
0
0
0
0
0
0
0
0
0
0
0
0
0
0
0
0
0
0
0
0
0
0
0
0
0
0
0
0
10645.44
42.0912
28.32102
0.9287304
0
0
0
105.0352
8.419786
1.971239
1.009066
0.4010335
0.2348695
0.1687072
0.09234662
0.06051755
0.04673733
0.04361193
0.03417702
0.0221335
0.01993713
0.01142754
0.01116235
0.01092052
0.007898279
0.007902886
0.004396688
0.004978153
0.003999451
0.003035799
0.002956579
0.001656986
0.002683115
0.002448762
0.001798813
0.001794022
0.001266566
0.0014554
0.00149918
0.001081042
0.001250717
0.000737085
0.0009486257
0.000859201
0.0007471173
0.0004975584
0.0004350191
0.0005985888
0.0006496818
0.0005441437
0.0005723396
0.0004478573
0.0003737756
0.0004329331
0.0003566332
0.0004166427
0.0003032956
0.0002719546
0.0003005016
0.0001732697
0
0
0
0
0
0
0
0
0
0
0
0
0
0
0
0
0
0
0
0
0
0
0
0
0
0
0
0
0
842.4232
34.38405
24.34312
0.6516086
0
0
0
60.99059
6.174398
1.378106
0.7562674
0.372667
0.1779362
0.1269847
0.06771325
0.053501
0.05095397
0.02920809
0.02803118
0.01063339
0.01755659
0.01444976
0.01020168
0.01012715
0.005091049
0.005623759
0.005892361
0.003878824
0.004421493
0.003128997
0.00310583
0.003202136
0.002516897
0.002654199
0.001751355
0.001626098
0.001679909
0.001373312
0.001630225
0.001180278
5.396605
0
0.344196
0.7745196
9.416563
2.745739
66.75066
0.832554
0.8407225
0.8377163
0.8426175
0.845373
0
5.560206
5.879931
0.2347412
0.2332063
0.2568321
0.2593531
0.2557033
0.2569062
0.6981153
8.035384
0.1172546
0.2632078
0.2563301
0.264108
10.25713
20.94473
2.164164E-05
0.0001998062
0.0004929312
0.0005710344
0.000699554
0.000940254
0.0008657104
0.001039694
0.0008263394
0.0009527373
0.0008224433
0.000960857
0.0006554241
0.0005580198
0.0004451233
0.0002914683
0.0002362581
0.0001126032
5.800432E-05
2.50755E-05
5.85189E-06
1.070691E-07
0
0
0
0
0
0
0
0
0
0
0
0
0
0
0
9.082294E-08
6.679548E-06
2.683949E-05
8.423594E-05
0.0001301419
0.0002296297
0.000267194
0.0004578403
0.0006992896
0.0005986718
0.0007601018
0.0008640725
0.001084424
0.0009081739
0.001086408
0.0006923518
0.0008252669
0.0008403728
0.0005908101
0.0005882478
0.0002573326
0.0002785652
0.000151019
0.0002701605
0.0003231132
0.0005129343
0.0006559375
0.0005508982
0.0008738252
0.0007339664
0.000919329
0.000847143
0.0008063681
0.0006713257
0.000764909
0.0005808963
0.0006083028
0.0004610163
0.0002602884
0.0001527594
0.0001130803
7.24797E-05
2.199446E-05
5.470986E-06
7.27952E-08
0
0
0
0
0
0
0
0
0
0
0
0
0
0
0
8.478649E-08
5.308814E-06
2.057963E-05
6.113046E-05
0.0001266357
0.0001944282
0.0002723717
0.0005241145
0.0005758126
1.301041
1.321528
1.44019
1.471143
1.439391
1.380448
1.462973
1.46953
1.432868
1.474443
0
0.0001148957
0.001315229
0.007287636
0.0215738
0.07699364
0.1455841
0.3237803
0.6429977
0.6645383
1.835726
2.348541
2.814769
4.131903
7.231486
7.551341
10.85187
9.34171
14.93423
15.35521
15.23705
17.61746
17.9579
23.59118
19.13339
24.54818
25.82172
32.73035
25.9316
31.19177
31.07931
34.38491
45.36996
37.81697
0
0.000106741
0.001580146
0.007500053
0.03011952
0.05933842
0.1431863
0.2900587
0.4689141
1.122674
1.493209
2.807599
3.151031
5.041314
4.904776
8.276159
8.779089
12.85987
13.21813
11.40732
17.88002
16.196
21.11775
17.42542
18.93632
21.70329
29.03487
26.08536
33.23336
26.41817
27.76025
34.53471
29.41671
41.67929
0
0.0001125036
0.001361949
0.007649011
0.01918061
0.06981719
0.09588437
0.3257407
0.5548519
0.8988075
1.6157
2.24041
3.733121
4.279303
6.880121
4.767532
10.16221
10.13306
13.72121
14.65781
11.37656
14.49943
18.77191
21.55911
20.27541
23.34522
18.56328
31.71478
29.04432
37.04382
33.10734
32.57066
37.43094
37.07095
0
0.0001146723
0.001564317
0.006276337
0.02927455
0.04656687
0.1773483
0.2169349
0.5691692
1.122786
1.518413
3.020722
2.996262
4.736296
5.392454
8.518814
7.563087
12.78695
12.15912
13.53663
20.07459
17.75704
23.66902
20.77232
17.68253
20.30643
24.60951
24.45343
33.48859
27.3573
39.46586
36.45388
44.35138
45.85276
0
0.0001113163
0.001301497
0.008054851
0.02402845
0.07968887
0.1195243
0.3289545
0.5543922
1.163253
1.57689
1.618738
3.282878
3.334671
7.539917
7.718342
9.325842
7.845962
11.77752
8.780169
17.14635
16.1377
22.44072
24.52268
22.1084
27.05211
24.48395
26.38707
27.43145
35.0018
28.11612
37.71163
32.51954
41.91607
0
9.169723E-05
0.001090141
0.00652787
0.01732243
0.05964259
0.1661709
0.2140321
0.5574716
0.828522
1.329094
1.902742
2.22864
5.066085
5.522714
8.521236
6.428323
11.0862
10.67028
15.90611
15.24884
10.53427
16.83636
21.46156
23.30129
16.82079
20.34179
25.19087
34.34179
21.0492
25.52048
29.02314
39.83291
34.99006
0
0.0001052054
0.0008098591
5.314011
0
0.7558909
6.808493
0
0
0
0.006951835
5.49044
5.813762
24.32352
6.408856E-05
0.001101164
0.005345971
0.02322672
0.06346256
0.09027684
0.3713884
0.5973303
0.9828157
1.7487
2.398339
4.842434
8.585901
8.940082
12.64734
17.85913
19.63391
30.66956
35.178
31.92881
312.306
17.67793
0
0
0
1354.58
20.36586
3.123465
1.333176
0.5397342
0.3110352
0.1753528
0.1238333
0.0779481
0.06313859
0.04320884
0.02903052
0.0289707
0.01918716
0.01822849
0.01030085
0.01199954
0.005620266
0.00871485
0.00399353
0.005010307
0.005274407
0.003878093
0.004085841
0.002990281
0.002913132
0.002151854
0.00263153
0.001973813
0.002038738
0.001388688
0.001530544
0.001519766
0.00113199
0.001254975
0.0009829088
0.0008720983
0.0007991978
0.0008181278
0.0005646092
0.0006351351
0.0005858905
0.0006697168
0.0006132364
0.0003782084
0.0003811882
0.0003774225
0.0004648715
0.0003636546
0.0004091811
0.0002504173
0.0003268974
0.0003056235
0
0
0
0
0
0
0
0
0
0
0
0
0
0
0
0
0
0
0
0
0
87.55273
42.24382
19.51893
0
0
0
1718.937
15.65978
0.01039431
0
0
1.942253
0.03497609
0.5718615
0
0
5.763604
5.288794
24.50476
9.432363E-07
3.377767E-05
0.0003430264
0.001344081
0.003397056
0.009345044
0.01783303
0.04098738
0.06248297
0.1271156
0.169044
0.2931015
0.4294085
0.7680447
1.118093
1.319068
2.121725
2.17891
2.377187
3.695273
3.682006
5.295228
10.22309
11.30241
15.92018
16.79696
23.03433
25.33986
27.88377
50.16889
352.7435
18.84018
0
0
0
1476.833
17.14597
3.219248
0.9349962
0.4786178
0.2874545
0.1594034
0.123196
0.06765589
0.06189499
0.0377506
0.02917091
0.02115694
0.02045572
0.01326755
0.01134735
0.007431921
0.009988449
0.008919313
0.006136284
0.005059559
0.003931296
0.004639708
0.003454537
0.003654347
0.001559059
0.002421215
0.001955476
0.001966169
0.001542785
0.001284644
0.001222695
0.0008929171
0.001144586
0.001021739
0.001083935
0.0008153752
0.0006555245
0.0006317405
0.0006806119
0.0006061026
0.0006636277
0.0006173501
0.0004749726
0.0005200348
0.0004302892
0.0003993869
0.0002608258
0.0002362097
0.0003168466
0.0003778209
0.0003086686
0.0003488099
0.0002440059
0
0
0
0
0
0
0
0
0
0
0
0
0
0
0
0
0
0
0
0
0
0
0
0
0
0
0
0
0
0
0
86.04482
0
1.239063
0
7.017448
0.6561298
24.9045
0
0
1.146236
8.715899
25.50703
0.0003359434
0.002654206
0.008433813
0.02649231
0.06019817
0.166761
0.2621366
0.6067455
0.7981158
1.860218
2.701677
5.400363
7.807549
9.002679
12.1305
13.64734
21.43987
22.91566
33.72604
34.12838
49.63908
27.35118
2.382871
0.02225516
0
0
0
310.7554
11.87235
2.940157
0.9530873
0.3584051
0.1924559
0.1310767
0.07696057
0.0582559
0.01830836
0.02094965
0.01615571
0.009215638
0.007807834
0.004783369
0.002840626
0.001869934
0.001015277
0.0007728358
0.4455034
0
0
0
0
0
0
0
0
0
0
0
0
0
0
0
0
0
0
0
0
28806.6
45.5863
31.75965
2.145669
0.02979616
0
0
0
247.8978
11.3203
2.405136
0.8474795
0.4548089
0.1927677
0.1308932
0.0540767
0.04853113
0.02665264
0.01876589
0.01310379
0.009351109
0.005721115
0.004518148
0.003273573
0.001820764
0.001085275
0.0006585782
0.383287
0
0
0
0
0
0
0
0
0
0
0
0.8092432
0.08504447
0
0
1.102575
0
7.044243
0
6.567638
0.8669084
4.731703E-21
8.653641E-05
0.001515649
0.006597511
0.02869971
0.06346206
0.175449
0.2982447
0.6131143
0.9106076
1.554132
2.28132
3.970943
5.38328
4.284554
8.941319
9.230396
12.33813
12.79973
15.15099
14.09739
20.63062
18.60303
22.66823
20.70454
22.27127
24.45092
18.8761
21.19457
21.6514
25.90966
20.80546
24.06908
18.97252
7.983451E-21
0.0001109799
0.001689751
0.0067158
0.02779316
0.05797621
0.102839
0.3272419
0.5127357
0.9687055
1.229271
2.440822
2.797559
5.015171
5.395107
5.627062
7.976563
11.04015
10.36709
13.10254
11.63119
13.21848
21.08154
19.36007
25.15891
21.81086
20.42854
21.53999
26.43846
19.73921
25.73789
21.0626
17.34147
19.65736
1.193424E-20
0.0001368066
0.001427429
0.007967403
0.0191618
0.06918687
0.1406479
0.330855
0.5034565
0.8901034
1.21221
2.442542
3.060164
4.388072
6.566758
5.254118
9.111805
10.72115
12.20081
12.53766
17.12953
15.19599
16.61499
19.58181
23.76322
20.7583
24.7416
20.07037
23.09497
22.19416
19.06709
23.20835
15.52684
1.032109E-20
0.0001053806
0.001646382
0.006458082
0.02881929
0.06070998
0.1688513
0.2543079
0.5871506
0.84367
1.837551
2.14935
3.165295
5.757061
5.548707
8.01283
6.087445
11.29435
11.88302
15.32579
16.1478
19.97815
15.3699
23.65809
24.36718
18.02649
23.57574
21.05144
15.4293
14.78046
23.9222
19.21511
21.90163
16.15059
1.108492E-20
8.83371E-05
0.001474218
0.006832882
0.02479269
0.06638278
0.1404302
0.3357986
0.4381888
1.034962
1.161059
2.690101
3.317291
3.433365
4.845389
8.273871
8.36443
12.47343
8.165606
2.063692
0
1.192661
8.247621
6.28386
5.986586
1.907446
50.44917
6.827678
1.954726
22.5197
0.002555673
0.01969046
0.08910919
0.2252012
0.673835
1.34902
1.366576
3.552035
4.407991
6.371521
8.383007
12.55281
12.00053
16.48809
16.17727
24.10381
26.70737
25.0763
31.26564
30.03938
38.30925
34.59846
45.7713
41.11283
47.16576
38.24965
0
59.40249
41.00359
0
0
0
0
0
0
0
0
0
0
0
0
0
0
0
0
0
0
0
0
0
0
0
0
0
0
0
2.974042E-05
0.0007886814
0
23.94282
0
0
0
0
0
0
0
0
0
0
0
0
0
0
0
0
0
0
0
0
0
0
0
0
0
0
0
2.899326E-05
0.0007882998
0
20.80573
0
0
0
0
0
0
0
0
0
0
0
0
0
0
0
0
0
0
0
0
0
0
0
0
0
0
0
2.792202E-05
0.000728581
0
22.86351
0
0
0
0
0
0
5.346239
0
62.07738
3.245053
1.864381
1.162344
1.597228
0.2944266
0.01095107
0.9348465
6.025449
5.822333
14.0357
4.449736
14.80155
18.32814
5.846478
5.838787
5.771261
5.889743
0
0.7724043
1.516069
2.851153
8.701917
6.347456
0.8006478
0
0.4786264
0
5.881462E-06
8.819179E-05
0.0004973175
0.001365278
0.004439624
0.009338968
0.0151229
0.03394409
0.04066549
0.08238868
0.1105318
0.1249569
0.2385898
0.3823503
0.4196005
0.6187272
0.6019626
0.7478599
0.8550412
0.7104931
0.8092443
0.6797324
0.7696449
0.59611
0.6529177
0.3132687
0.5317415
0.3225192
0.5234436
0.4083807
0.5289473
0.4819696
0.6147178
0.6539539
0.592236
0.7567667
0.575877
0.7836876
0.720589
0.8884872
0.745645
0.9677981
0.8281864
1.026957
0.8704666
1.05188
0.971956
0.900167
1.085858
0.8797286
1.082496
0.9269334
1.121208
0.8816197
1.078918
0.8729362
0.8677732
0.7799086
0.9326145
0.737304
0.9144347
0.9662784
0.8034259
0.965885
0.8542117
1.045725
0.7621219
0.9976488
0.5806682
1.075419
0.8956735
1.102673
0.9169081
1.065789
1.064123
0.7446811
0.6094167
0.7998543
0.9116572
0.7288827
0.8036891
0.6379107
0.7229401
0.5530081
0.4113274
0.5224094
0.5691601
0.4649437
0.501933
0.4671161
0.4112619
0.5526775
0.5226483
0.5907094
0.5656921
0.726635
0.6180831
0.7888586
0.7009758
0.8807655
0.7398492
0.929505
0.8844958
0.4620467
0.9987897
0.8719438
1.070193
0.6144146
1.073721
0.8959737
1.043468
0.9308547
0.9858265
0.8890929
1.07572
0.8673861
0.9667059
0.9893149
0.761032
0.8943541
0.7409678
0.8360839
0.5650674
0.9454513
0.8382904
0.9841914
0.8923422
1.121384
0.9206602
1.012302
0.9110242
0.9672253
1.008762
0.8843516
0.9590773
0.7633908
0.9881571
0.7882559
0.9363412
0.7445425
0.8524309
0.6417959
0.7870972
0.5790055
0.6679718
0.6121288
0.4920979
0.534514
0.4291555
0.4548518
0.4179174
0.4193687
0.4800379
0.6838983
0.5833793
0.7479108
0.6384163
0.8336489
0.6603291
0.7160125
0.1458496
0.04116744
0.02664894
0
0
31.99168
0
0.09358687
27.92057
26.15611
2.66953E-07
3.307259E-05
0.0002356805
0.001200244
0.003100046
0.009029913
0.01964634
0.03382546
0.0703576
0.09236357
0.1927563
0.2821686
0.4831657
0.5992125
1.066227
1.318658
2.016847
2.373487
3.637463
4.882839
5.471883
8.66696
6.825111
13.75621
14.37476
22.50182
23.73969
30.26527
34.25391
46.77574
341.6998
21.936
0.6073567
0.2842226
0.03455004
0
0
0
0
0
0
0
0
0
0
0
0
0
0
0
0
0
0
0
0
0
0
0
0
0
0
0
0
0
0
0
0
0
0
0
0
0
0
0
0
0
0
0
0
0
0
0
0
0
0
0
0
0
0
0
0
0
0
0
0
0
0
0
0
0
0
0
0
0
0
0
0
0
0
0
0
0
0
0
0
0
0
0
0
0
0
0
0
0
0
0
0
0
0
0
0
0
0
0
0
0
0
0
0
0
0
0
0
0
0
0
0
0
0
0
0
0
0
0
0
0
0
0
0
0
0
0
0
0
0
0
0
0
0
0
0
0
0
0
0
0
0
0
0
0
0
0
0
0
0
0
0
0
0
0
0
0
0
0
0
0
0.133664
4.308785
3.625977
0.9102194
1.306421
0.2441311
2.968611
0
0.09700914
0
1.652781E-06
0.0001559381
0.001691375
0.006412075
0.01918154
0.05708245
0.1548023
0.305125
Infinity
Infinity
Infinity
Infinity
Infinity
Infinity
Infinity
Infinity
Infinity
Infinity
Infinity
Infinity
Infinity
Infinity
Infinity
Infinity
Infinity
Infinity
Infinity
Infinity
Infinity
Infinity
Infinity
Infinity
Infinity
351.5461
Infinity
Infinity
Infinity
Infinity
Infinity
Infinity
Infinity
Infinity
Infinity
Infinity
NaN
NaN
NaN
NaN
NaN
NaN
NaN
NaN
NaN
NaN
NaN
NaN
NaN
NaN
NaN
NaN
NaN
NaN
NaN
NaN
NaN
NaN
NaN
NaN
NaN
NaN
NaN
NaN
NaN
NaN
NaN
NaN
NaN
NaN
NaN
NaN
NaN
NaN
NaN
NaN
NaN
NaN
NaN
NaN
NaN
NaN
NaN
NaN
NaN
NaN
NaN
NaN
NaN
NaN
NaN
NaN
NaN
NaN
NaN
NaN
NaN
NaN
NaN
NaN
NaN
NaN
NaN
NaN
NaN
NaN
NaN
NaN
NaN
NaN
NaN
NaN
NaN
NaN
NaN
NaN
NaN
NaN
NaN
NaN
NaN
NaN
NaN
NaN
NaN
NaN
NaN
NaN
NaN
NaN
NaN
NaN
NaN
NaN
NaN
NaN
NaN
NaN
NaN
NaN
NaN
NaN
NaN
NaN
NaN
NaN
NaN
NaN
NaN
NaN
NaN
NaN
NaN
NaN
NaN
NaN
NaN
NaN
NaN
NaN
NaN
NaN
NaN
NaN
NaN
NaN
NaN
NaN
NaN
NaN
NaN
NaN
NaN
NaN
NaN
NaN
NaN
NaN
NaN
NaN
NaN
NaN
NaN
NaN
NaN
NaN
NaN
NaN
NaN
NaN
NaN
NaN
NaN
NaN
NaN
NaN
NaN
NaN
NaN
NaN
NaN
NaN
NaN
NaN
NaN
NaN
NaN
NaN
NaN
NaN
NaN
NaN
NaN
NaN
NaN
NaN
NaN
NaN
NaN
NaN
NaN
NaN
NaN
NaN
NaN
NaN
NaN
NaN
NaN
NaN
NaN
NaN
NaN
NaN
NaN
NaN
NaN
NaN
NaN
NaN
NaN
NaN
NaN
NaN
NaN
NaN
NaN
NaN
NaN
NaN
NaN
NaN
NaN
NaN
NaN
NaN
NaN
NaN
NaN
NaN
NaN
NaN
NaN
NaN
NaN
NaN
NaN
NaN
NaN
NaN
NaN
NaN
NaN
NaN
NaN
NaN
NaN
NaN
NaN
NaN
NaN
NaN
NaN
NaN
NaN
NaN
NaN
NaN
NaN
NaN
NaN
NaN
NaN
NaN
NaN
NaN
NaN
NaN
NaN
NaN
NaN
NaN
NaN
NaN
NaN
NaN
NaN
NaN
NaN
NaN
NaN
NaN
NaN
NaN
NaN
NaN
NaN
NaN
NaN
NaN
NaN
NaN
NaN
NaN
NaN
NaN
NaN
NaN
NaN
NaN
NaN
NaN
NaN
NaN
NaN
NaN
NaN
NaN
NaN
NaN
NaN
NaN
NaN
NaN
NaN
NaN
NaN
NaN
NaN
NaN
NaN
NaN
NaN
NaN
NaN
NaN
NaN
NaN
NaN
NaN
NaN
NaN
NaN
NaN
NaN
NaN
NaN
NaN
NaN
NaN
NaN
NaN
NaN
NaN
NaN
NaN
NaN
NaN
NaN
NaN
NaN
NaN
NaN
NaN
NaN
NaN
NaN
NaN
NaN
NaN
NaN
NaN
NaN
NaN
NaN
NaN
NaN
NaN
NaN
NaN
NaN
NaN
NaN
NaN
NaN
NaN
NaN
NaN
NaN
NaN
NaN
NaN
NaN
NaN
NaN
NaN
NaN
NaN
NaN
NaN
NaN
NaN
NaN
NaN
NaN
NaN
NaN
NaN
NaN
NaN
NaN
NaN
NaN
NaN
NaN
NaN
NaN
NaN
NaN
NaN
NaN
NaN
NaN
NaN
NaN
NaN
NaN
NaN
NaN
NaN
NaN
NaN
NaN
NaN
NaN
NaN
NaN
NaN
NaN
0
0.03568777
0
0
1.439807
0
0.9750511
37.05541
0.003655868
0
13.37259
0.03452476
5.884108
0.1044954
0
3.08975E-06
8.556658E-05
0.0004980753
0.001638447
0.005091176
0.009388379
0.01904386
0.04000069
0.05410695
0.08109035
0.1346847
0.2176368
0.250221
0.3463708
0.5244399
0.5539549
0.7158396
0.8824831
1.2525
1.200525
1.361019
1.888974
1.677066
1.803548
1.90455
2.392933
1.97643
1.855302
1.719059
1.823019
1.784849
2.08352
1.635047
1.007474
1.314792
1.259631
0.7890018
0
3.08749E-06
7.950101E-05
0.000810969
0.004969903
0.02506319
0.06756967
0.1728135
0.5258722
0.9394175
1.691944
2.665724
4.810041
5.986196
8.38703
13.68887
15.14921
19.79641
24.34646
33.5534
34.89045
308.4387
15.50505
0.004072313
0
0
0
120.0842
7.543971
2.100154
0.6316617
0.2764289
0.1439654
0.1113123
0.05458921
0.03320311
0.02503939
0.01381392
0.008745161
0.005217911
0.004239962
0.002203848
0.001299947
0.0009118593
0.000419544
1.51681
0
0
0
0
0
0
0
0
0
0
0
0
0
0
0
0
0
0
0
0
0.4647301
2.883442
6.106072
56.2513
5.903404
2.465413
0
0
30.69319
32.18259
0.0003595271
0.001840195
0.008902301
0.02009714
0.05963357
0.1590731
0.2727197
0.6279289
0.8911863
1.512109
3.155337
3.855016
7.208444
6.441133
10.16672
17.07629
17.9706
27.48816
26.28641
28.56295
268.1495
15.70599
0
0
0
1991.367
15.41627
3.705495
0.8270013
0.5080732
0.2501337
0.1642646
0.1057024
0.05673165
0.05049968
0.0286568
0.02356653
0.01642771
0.01203907
0.01084129
0.007708039
0.006702548
0.005874116
0.003966779
0.003578352
0.002443143
0.002309879
0.001739566
0.0008562648
0.0009432865
0.0006501487
0.000634568
0.0004606467
0.0002663123
0.0001962678
0.000131242
9.818326E-05
3.246582E-05
3.326253E-05
3.927925E-05
3.434512E-05
3.803928E-05
3.446249E-05
2.77615E-05
3.418383E-05
2.902028E-05
4.498966E-05
5.117953E-05
7.816034E-05
9.494011E-05
7.451357E-05
0.0001311101
0.0001299224
0.000178956
0.0001690892
0.0001388506
0.0002163751
0.0001995674
0.0002700741
0.0002319293
0.0001745529
0.0001799814
0.0001298335
0.000134583
9.124548E-05
8.166301E-05
6.599056E-05
4.61618E-05
4.934149E-05
3.31031E-05
2.79545E-05
2.461014E-05
1.350907E-05
1.413224E-05
8.417369E-06
6.818589E-06
4.201478E-06
1.077342E-06
2.689335E-06
3.298467E-06
5.78655E-06
6.882589E-06
6.173785E-06
1.117592E-05
1.207125E-05
2.175722E-05
1.343668E-05
1.293106E-05
1.450109E-05
1.765414E-05
2.525101E-05
2.350357E-05
3.499942E-05
1.935297E-05
2.35598E-05
3.422965E-05
2.219663E-05
1.958706E-05
1.07831E-05
1.023646E-05
8.510237E-06
3.48345E-06
4.300088E-06
7.164532E-06
7.39563E-06
1.030976E-05
8.021041E-06
1.205947E-05
1.552455E-05
1.482712E-05
1.985516E-05
1.613752E-05
1.464205E-05
8.970012E-06
8.23861E-06
5.876E-06
2.52466E-06
1.82379E-06
7.970136E-07
2.934151E-07
9.692184E-08
5.205475E-10
0
0
0
0
0
0
0
0
0
0
0
0
0
0
0
0
0
0
0
0
0
0
0
0
0
0
0
0
0
0
0
0
0
0
0
0
0
0
0
0
0
0
0
0
0
0
0
0
0
0
0
0
0
0
0
0
0
0
0
0
0
0
0
0
0
0
0
8.027031E-20
0
0
6.510971E-06
0.0004677838
0.002001013
0.003447974
0.004722943
0.006818792
0.009351431
0.008772765
0.008404772
0.008297479
0.007440042
0.009479176
0.00779831
0.009079983
0.007878005
0.004111267
0.005833086
0.004535891
0.004387008
0.003071566
0.002508722
0.002483594
0.001713388
0.002079168
0.001806336
0.001009972
0.00143272
0.0009562696
0.0009818203
0.0008580495
0.0007418669
0.0006146602
0.000513633
0.0005918033
0.0004267137
0.0004287658
0.000366189
0.0002042184
0.0002764973
0.0001862138
0.0001738146
0.0001359595
0.000103326
0.0001199097
8.539035E-05
1.500666
2.00315
1.330795
0.004596688
1.538908
6.196278
0
0.4775404
5.928303
27.62648
22.32303
7.10007E-06
7.973461E-05
0.000297306
0.001545717
0.003303948
0.009138108
0.01612725
0.03685069
0.07012826
0.09879243
0.1639066
0.2548305
0.3908292
0.5647792
0.9918017
1.381932
1.660039
2.57145
2.962471
4.087598
6.051949
6.36478
8.988273
8.671416
12.75108
15.63285
24.26019
25.70902
28.92582
43.18372
290.3939
14.85299
0
0
0
766.5587
18.73629
2.544578
1.076608
0.498151
0.1581124
0.1320984
0.07404381
0.06959357
0.0498161
0.02888428
0.02775527
0.01677982
0.01327652
0.008453066
0.00690108
0.005189907
0.003251086
0.003601039
0.001748822
0.002461722
0.001580902
0.0008421242
0.0009733966
0.0005475069
0.0005000504
0.000259885
0.0002501411
0.0001862604
9.768609E-05
7.014827E-05
2.697556E-05
1.772661E-05
6.657261E-06
1.400112E-06
0
0
0
0
0
0
0
0
0
0
0
0
0
0
0
0
0
0
0
0
0
0
0
0
0
0
0
0
0
0
0
0
0
0
0
0
0
0
0
0
0
0
0
0
0
0
0
14.66194
0
0
0
0
0
0
0
0
0
0
0
0
0
0
0
0
0
0
1.580073E-06
4.413147E-05
8.939222E-07
0
1.021772E-05
3.50219E-05
0.0001828759
0.0001456748
0.0002024811
0.0001786911
0.0001786324
0.000230046
0.000206134
0.0002481702
0.000186421
0.0001802121
0.0002086833
0.000156473
0.0002095168
0.0001648788
0.0001716667
0
0
0
0
0
0
0
0
0
0
0
0
0
0
0
0
0
0
0
0
0
0
0
0
0
0
0
0
0
0
0
81.13708
34.31429
12.87418
0
0
0
1292.891
16.89897
2.542743
0.9916032
0.381909
0.2679345
0.1584154
0.07892583
0.07275166
0.04378381
0.03820638
0.02425209
0.01868532
0.0118879
0.01160975
0.01155391
0.00770926
0.008528637
0.005582665
0.004060383
0
0
35.81519
0.8020445
0.8224897
6.998507
6.178218
6.449212
1.687645
1.045717
1.01104E-06
6.847232E-05
0.001006282
0.00333176
0.01651958
0.04606631
0.07722931
0.1852098
0.3035057
0.5746418
0.6993598
1.477852
2.178482
3.024098
4.685336
4.458394
4.806403
5.213898
9.750039
11.12217
11.26589
13.30523
12.99107
14.57719
18.05634
14.08929
14.56867
12.68458
15.56999
13.24654
16.6847
15.05016
14.54744
17.92793
16.06232
16.81807
18.18778
15.18804
14.21025
15.02816
17.50596
17.45088
21.50786
21.34402
16.65559
18.0149
18.00297
17.84036
16.84268
20.38207
16.65951
16.14191
17.20329
16.80093
14.61887
17.23458
16.2143
18.44826
15.74268
18.88842
15.81961
19.1242
18.36898
15.49621
20.87024
17.47128
19.15077
19.52759
16.3228
19.60262
16.72591
18.30833
17.02904
20.78155
21.4227
16.97919
20.50581
15.13058
16.97458
18.08948
13.81888
15.69752
15.34684
16.15535
14.5638
17.03188
16.0886
11.22274
16.01446
13.88261
15.54989
14.43599
12.4718
17.48716
14.79292
15.20028
14.98837
19.48123
19.96087
16.34297
19.09007
16.5609
19.25622
14.28476
20.21322
21.21056
16.5868
19.98329
16.49743
21.18312
20.37742
15.08157
21.62005
15.62448
20.2752
16.6766
21.00434
21.35504
16.62337
18.97958
15.5715
19.79149
15.89084
18.73674
14.96941
12.18889
15.44771
14.80987
18.00182
15.45423
15.02765
17.38973
15.05459
17.34125
15.4648
20.73418
21.21554
17.57431
21.08423
16.54444
19.84934
15.64598
16.55404
18.76178
17.40738
21.34867
17.36989
20.1156
20.1952
13.95252
18.85231
16.27234
19.27667
15.34751
18.33666
17.64484
13.83989
17.94301
16.62707
20.73076
20.45608
15.57726
21.29926
17.4891
21.11518
14.59014
19.28358
20.55634
17.27777
21.77286
17.28845
17.15177
16.892
13.62799
15.29004
12.61678
17.69077
16.2738
20.707
21.477
15.37765
19.88112
15.39245
19.75194
16.23263
17.38593
14.79955
12.92479
17.23519
15.30696
19.03916
19.00132
14.7745
13.51276
12.66645
14.85623
12.08021
16.6603
17.34968
13.93596
18.38347
13.94008
16.11951
17.45325
12.42037
14.00768
12.66962
18.47333
14.75408
17.73113
18.39925
14.07645
19.14256
12.08185
19.24784
15.72894
20.68849
20.31307
15.52354
19.29204
15.07464
17.68233
19.86475
16.80921
13.7409
13.71715
20.00182
15.74625
14.6856
17.32405
13.8436
19.98179
14.95022
20.19973
14.69711
19.00884
20.76712
17.1401
19.705
15.83892
17.40209
20.32178
15.9922
15.14686
12.94158
17.61412
17.13626
15.52277
4.262497
5.502565
0.5112701
1.32515
6.004539
9.568991
0.4614328
1.208049
5.876902
1.139211
17.2639
10.46082
10.54562
10.39723
10.70572
10.64647
10.75157
10.55386
10.75234
10.69697
10.69784
10.64928
10.47379
8.637306
8.737658
57.14684
8.732873
8.667295
18.12162
8.716418
8.701959
8.702108
8.620451
5.335909
1.388119
0.2191124
4.609845
0.1047454
6.852528
0
0
0.4012313
0
0
1.386959E-05
0.0001457495
0.0008134121
0.002324117
0.004749292
0.01059615
0.01951478
0.03933725
0.06475092
0.08163071
0.1505731
0.1401197
0.3070504
0.315993
0.5172023
0.6994039
0.7125756
0.9940055
0.9527141
1.226489
1.026151
1.17229
1.274704
1.040887
1.180991
0.9420927
1.089865
0.9909231
0.7748355
0.9902403
0.7911923
0.8306379
0.9475074
1.201474
1.260157
1.071241
1.387655
1.158209
1.332475
1.200892
1.579408
1.601036
1.324643
1.690878
1.391134
1.76362
1.744626
1.334225
1.65866
1.450195
1.697045
1.448837
1.713474
1.738633
1.373816
1.590877
1.249824
1.63859
1.319175
1.616704
1.678823
1.403249
1.784727
1.047764
1.50281
1.741697
1.4357
1.743706
1.38733
1.686838
1.388727
1.731418
1.709101
1.096169
1.40981
1.308371
1.421032
1.167208
1.376259
1.323223
1.086145
1.12619
1.012073
1.100254
0.9325768
1.038735
0.9809051
0.7665333
0.8880529
0.7105321
0.971408
1.080966
0.9561395
1.288197
1.111979
1.351865
1.222153
1.507568
1.374814
1.307756
1.577679
1.325326
1.617844
1.416943
1.729548
1.68969
1.49367
1.549711
1.492696
1.68881
1.478295
1.225766
1.78975
1.470254
1.735643
1.421854
1.532141
1.670037
1.35837
1.639531
1.395909
1.680844
1.322049
1.631588
1.607155
1.252972
1.625589
1.410302
1.629118
1.321953
1.649055
1.556409
1.064947
1.488756
1.410759
1.66134
1.356012
1.533185
1.546526
1.244487
1.457114
1.153505
1.189061
1.29305
0.9705078
1.116059
0.859768
0.9943523
0.7713118
0.9863313
1.047686
0.8096296
1.115111
0.9310123
1.153422
1.011689
1.264909
1.375802
1.198401
1.257772
1.163772
1.42762
1.202116
1.361993
1.425061
0.9853014
1.466903
1.286126
1.487752
1.43397
1.237413
1.47024
1.260907
1.424942
1.207506
1.435173
1.369501
1.163233
1.274079
1.166446
1.377957
1.168482
1.422947
1.343849
1.182002
1.4317
1.242505
1.454884
1.23362
1.379315
1.472202
1.213246
1.362864
1.21665
1.693848
1.363406
1.487672
1.385218
1.224166
1.044209
1.055168
1.307653
0.8909311
1.256675
1.208073
0.8669271
0.924303
0.766431
0.9579623
0.8385507
1.106702
1.150599
1.017708
1.268113
1.018595
1.392429
1.438406
1.212086
1.10657
1.312551
1.638955
1.396199
1.717293
1.495362
0.990822
1.685225
1.461215
1.755951
1.466915
1.743931
1.814555
1.367674
1.783056
1.414073
1.095634
1.228179
1.4445
1.370044
1.198055
1.268635
1.282274
1.5587
1.527431
1.355976
1.655253
1.410755
1.683207
1.261166
1.722694
1.655132
1.410548
1.614491
1.32565
1.550267
1.265527
1.326374
1.424064
1.197899
1.416802
1.118476
1.309472
1.013631
0.929579
0.8331218
0.9271062
1.048788
0.8272565
0.9734694
0.9841936
0.8451471
1.134308
0.818019
1.202663
1.006383
1.237613
1.308771
1.199485
1.495937
1.228404
1.567577
1.241383
1.60612
0.129882
0
0
13.39936
159.6196
1.049387
0.05301901
2.479224
0
3.326898
7.241716
0
8.197378
5.813955
5.326257
0.7853006
1.208544
1.438757
2.069743
1.349025
1.301774
0.2656243
0
0.03640451
1.270517
0
0.03673229
0.03569612
0.03570988
0.0369103
0.02646225
0.03362988
0.0324793
0.05143079
0
0.5265369
0
2.128392
1.678254
4.605905E-05
2.513501
126.4913
5.234692
5.201683
4.169783
26.71434
6.290406
135.9256
564.8328
140.7572
4.632867
279.5822
2.8629
66.8343
50.94604
5.777767
2.632146
0
1.436359
2.035512
0
0
0.8101617
6.739817E-07
0.009276475
0.0003180311
0
4.522135
1.889469E-07
0
0.009669124
12.63932
5.407045
5.628383E-08
3.302119E-09
0
1.554623E-08
0
0
1.195012E-08
0
8.757443E-09
4.630784
1.63476E-07
4.37826E-09
5.075227
1.510792E-07
4.504072
1.050348E-15
0
7.424581E-09
0.7978365
1.811904E-07
5.100973
1.156934E-09
0
0
1.037265
0
0.8268933
0
1.619879E-08
4.572831
5.188604
0.8846258
0.03207219
8.957646E-09
3.301246E-09
3.302052E-09
0
0
0.769195
0.7720295
0.5840095
2.733028E-07
1.555881E-08
4.570292
1.049639E-15
0.03163715
0.696692
8.95019E-09
0
3.845228
0
7.169612
1.635177E-07
0.03242754
0
0.3724708
0
0.8365591
2.735102E-07
0.533021
1.42875
0.01991672
7.360451E-10
0
0
0
1.196291E-08
0
0.8865328
5.767448E-08
4.850263E-08
0.03714658
7.821684E-08
0
0
0
5.780454
0
1.078683E-09
7.24323E-09
1.09764
6.738797E-07
5.085406
4.716644
3.755681E-08
5.754978
3.791523E-08
15.37261
5.720452
0.5351176
1.078698E-09
3.912307E-08
0
0
0
5.734091
1.223409
4.660985E-07
7.245457E-09
0.03604868
5.814439
15.55019
15.28649
15.4162
15.31043
15.40909
15.33551
15.35067
15.33843
15.43086
15.31825
15.42911
15.29455
15.37682
15.3274
15.3668
15.44096
15.40265
15.34481
15.37281
15.42427
15.28781
15.4275
15.44905
15.27514
15.38671
15.29627
15.33551
15.37415
15.25407
15.38725
15.34588
15.30341
15.37388
14.52005
4.563066E-08
5.767678E-08
0
5.15516
0
0
0
0
0.6670113
1.078874E-09
1.078594E-09
1.078411E-09
1.078538E-09
1.259465
5.199145
3.756026E-08
0
1.078751E-09
5.162547
13.6585
4.659867E-07
0
1.078416E-09
8.328809
75.99193
4.847557
6.686189E-07
0.8769658
76.60715
76.61503
76.49869
76.60052
76.88676
76.27856
76.66109
76.83752
76.82668
76.84085
77.22315
76.7126
76.81416
77.12807
77.03153
77.02063
77.11798
76.99131
76.77917
76.73505
77.07263
77.01812
76.53343
76.6669
76.82835
77.21894
76.57648
76.69681
76.72174
76.90598
76.73339
77.26699
76.63618
76.7975
76.47141
77.03572
76.53839
76.95531
76.94778
76.89595
76.47389
76.96703
76.60715
76.54419
77.19704
77.11126
76.69016
76.94527
76.7875
76.67354
76.90681
76.94026
77.01727
76.77834
76.97038
76.77584
77.11714
76.74337
76.72091
76.79084
77.04243
76.83752
77.0483
76.91434
76.76169
76.7925
76.6478
77.04243
77.12134
76.61213
76.9687
76.71177
76.58063
76.60549
76.90681
76.79666
77.33537
76.95364
76.86505
76.67438
77.10706
76.48876
77.14067
76.75669
76.67853
76.82668
76.98293
76.76918
76.6478
76.7309
76.66192
76.22271
76.1571
77.43267
76.80666
77.27795
75.72202
77.27121
77.3675
76.81834
77.17179
76.88176
76.70679
77.01727
77.35904
76.50943
76.5856
77.07263
77.24254
76.86505
76.91685
77.12807
76.33286
76.90514
75.27747
76.26706
75.36403
76.58726
76.75003
76.94193
76.78667
76.51275
77.06424
74.04578
6.848218
0
6.056982
0.7028859
3.559661
1.074062
5.31288
1.40798E-07
0.0007733462
1.105528E-08
0.7845838
0.5381663
0
0
14.51163
0
5.913834
2.411077E-07
60.37576
0
1.407742E-07
0
5.143104
5.826875
0.9820879
7.52407E-07
0
1.407894E-07
0
25.0488
25.68696
25.62595
25.80759
25.65456
25.99374
25.80308
25.84001
26.06227
26.12615
25.65493
26.02777
25.83322
26.12152
25.77527
26.02012
25.83246
25.87325
25.7243
26.2144
25.14883
25.99489
26.12461
26.10149
25.39718
26.23694
25.86116
25.99107
25.73553
26.12075
25.99413
26.36596
25.88764
26.06842
25.85587
25.69517
25.03852
23.5829
25.72281
25.73253
26.08533
26.05153
25.59037
16.49212
25.66014
25.81663
53.45102
7.644604E-10
5.818748E-06
0.01102617
25.75355
25.92794
26.09514
25.96275
26.1062
26.14169
25.89778
25.89446
25.67494
26.08196
25.16394
0
9.672593E-08
0
0
59.22339
26.04257
25.77095
25.94919
25.79589
26.05119
25.60296
26.1063
26.19582
26.2077
26.01868
26.16933
25.89972
25.73038
25.08848
26.18046
0.01027875
1.12941E-07
72.02508
2.732144E-07
0.01837269
0
0.03511858
0.0003038358
5.204618
0.7344638
0
0
0
5.137554
0
0
5.810669
2.702359E-07
0
0
0
0.03428329
5.824543E-08
0.03537085
30.18238
31.00638
31.1209
30.91483
30.34959
30.92834
31.29759
31.32308
31.15816
30.53604
31.3853
31.18452
31.07281
31.18672
31.14774
31.02378
31.50882
31.47743
31.162
31.09356
31.45392
31.16255
31.42153
30.77128
30.89647
31.28265
30.97923
30.50919
0
0.01179679
0.01239465
0.01206663
0.0122347
0.01210609
0.01203694
0.01235477
0.006771474
0.01226303
0
2.025022E-08
1.078257E-09
0
1.13052E-07
0.7982197
5.313291
5.811361
4.752277E-10
5.129059
0
0
0.8061671
0.004516019
3.119527E-08
75.34792
1.166226
5.317916
5.005526E-06
0
0
5.043962
5.238901
0
0
0
5.164977
5.171719
0
2.849386E-12
8.325397
8.332537
0
25.94396
5.191797
0
0
0
0.03471871
5.22991
5.729423
62.45235
22.23771
6.075773
0.8021142
7.60808
0.4719327
0
0.01067505
0.7036817
4.877741
0.7326107
0
1.186467
1.599547
5.259922
5.228323
130.5877
0.01122163
5.286014
9.773106
1.619693
2.12083
5.264302
6.167185
6.745664
5.083353E-08
8.328725
0.670927
0.5331078
113.549
0
0
5.699542
2.025893E-08
5.389474
0.05857678
0.8106534
5.908822E-09
5.177258
0
0.4533594
6.05635
0
107.3878
0
5.054293
54.65414
13.54838
15.41298
150.6536
0
0.01093713
8.328284
1.693266E-08
0
0.765395
6.595557
5.904737E-09
0.7790853
8.329605
5.905364E-09
4.978426
0
0.01092052
13.01695
2.704701E-10
0.006378511
4.264862
0
5.17335
14.07605
