1.06707
4.781176
-3.880014
-3.800889
1.560358
-4.36943
4.815306
0.2231364
-2.502841
-2.305109
-3.165525
1.278372
-4.529737
3.115124
3.146954
4.617146
-1.202021
4.520297
0.05703402
-2.485118
-2.513082
4.476635
-0.8634944
-2.735012
-0.2300148
3.757599
-0.3699512
3.523457
-2.573152
-2.377666
-0.03795195
-1.214834
-1.285851
4.356062
2.691613
-1.524435
1.02925
-3.589054
1.452453
-1.095191
-2.240134
-1.35292
-2.937117
-2.706537
2.584935
3.857963
2.961926
0.5983109
1.518253
-2.479492
-3.47616
4.954372
2.088521
4.437616
4.947042
0.4639726
4.102209
2.160126
-1.626048
-0.9874744
-0.7967658
4.521947
-3.653316
2.681417
0.7445641
-3.788666
-1.228438
-0.9543853
-2.501397
0.1585155
-1.721484
2.424092
-2.397832
1.704694
4.411546
-3.234096
-4.822627
-1.069181
1.201925
0.8247275
0.2943082
-0.2190523
4.620677
-1.193693
0.7887836
0.2886562
-2.535138
0.8064194
-1.625032
2.557647
3.846129
1.208406
4.855062
-2.405881
-0.3658109
2.537437
-3.160807
-3.363302
0.8950443
2.522328
-2.316595
-0.8424263
1.344573
-0.6987948
-3.915622
4.572233
1.478151
-0.2954559
-2.885492
-0.7337446
0.6418734
2.875103
1.153235
-2.820144
1.435678
-1.468411
2.616497
1.21556
3.388118
-2.999278
-2.533071
1.72669
2.512772
2.606896
-2.630048
1.756886
-1.587196
-1.893147
-3.963428
-1.743298
1.430371
-4.550265
-0.688961
0.8362584
-0.07198286
-4.974585
4.917356
3.182064
4.587463
-2.365702
1.928429
-2.04768
0.0591855
2.969931
0.590517
-2.860598
-4.183941
2.298656
0.05989265
-2.064569
-4.613285
-3.362494
-3.300571
-4.804995
-4.134605
-4.253749
4.262497
