1.567778
-4.835864
-0.8530803
-2.242907
-3.137054
-1.035972
3.646363
3.404179
-4.723152
-2.313351
4.568031
-3.828154
-2.004623
-2.737584
-1.009486
4.86568
3.249136
-4.633838
-2.241209
-4.879791
-4.259525
-3.161711
2.138798
-3.899429
2.435396
3.528647
-2.086639
-0.4972844
-2.002861
-0.9307904
-0.2998834
-1.811158
-4.570986
0.3906889
1.327969
-4.097937
-3.374412
4.699425
-0.6580238
-2.285154
-4.04443
3.458851
2.245519
-3.999605
-3.470417
-0.1831074
2.684886
-2.797308
-2.812134
-1.226637
-2.643891
2.446979
-1.695246
1.458231
3.925046
-2.912808
-0.8174677
-0.9717398
1.406488
3.514627
-2.999617
3.179195
4.007417
2.256203
-3.401096
0.2007909
1.24278
2.713776
4.273388
-4.656151
4.935621
-2.856359
-4.188996
3.553875
-4.958849
-2.174952
3.728328
0.9699078
0.9077091
-3.888769
-2.971796
-4.913977
-1.076791
4.456581
2.415926
2.200536
-4.014932
-1.938323
-2.154419
1.131279
-2.16229
3.349601
2.756263
-4.377966
-2.238371
-0.3698034
3.289535
-4.326476
-4.388943
-0.7528572
-1.613295
-0.7277365
1.476033
2.089072
-1.451469
4.043852
0.3911309
-2.359063
-1.731222
1.349037
3.968298
-2.089072
-3.274772
-3.08078
-0.2805514
-2.099135
-4.073276
-4.143676
0.4984851
-0.6246324
3.057158
4.685371
0.08969736
-2.215879
1.439241
-0.4291873
-1.399472
-1.831725
-1.084126
-1.120507
0.3194337
2.634182
-1.240184
4.176924
4.207448
-3.252927
-4.092045
4.508087
-2.505573
-4.360064
2.48796
-4.766844
-4.796509
-2.018232
-4.044228
-1.037149
0.8669167
-2.889659
-4.180349
-3.011587
-2.668905
-0.7356005
-1.082835
-2.158427
-1.212967
2.83701
846.9611
