3.55373
4.14538
0.8122854
-4.170732
-3.357945
0.9956951
1.263057
1.335022
3.149157
0.4116755
0.6831641
1.138437
4.9609
0.1240044
0.446959
3.912444
-0.6720381
-1.707119
2.208422
-1.499913
4.670649
-1.592916
2.290647
-0.9862309
1.462698
-3.761126
3.846524
-0.6650047
-4.419271
-3.892326
-2.792173
-4.355944
-3.02483
-4.132648
2.503209
-2.51905
-1.745818
4.864752
4.721805
-2.258771
-2.360987
2.054704
-2.380144
-4.824898
-1.578862
2.256287
-1.757931
4.57957
0.4818792
-1.942504
4.482858
2.092217
1.12043
0.8740301
4.082375
3.41855
0.8688622
0.8087416
0.8254976
1.649549
1.142036
-0.2403636
2.802227
0.7868652
-3.404456
1.349086
-1.153659
0.2169676
-3.991784
4.000061
2.998438
2.495356
3.43683
3.993389
-0.2570362
0.4827709
0.4396324
3.395908
-3.307929
-2.137788
3.082982
4.138891
4.511133
-4.486958
-4.70785
-1.485397
-2.89572
-2.540607
-4.590822
0.9538345
-2.239235
0.1885037
-1.726417
-4.288768
-1.482677
-0.7505279
3.127838
-1.065763
-2.440603
3.740928
-2.324969
4.314232
4.944437
-2.898071
1.083538
4.313441
-1.035388
1.574862
-3.937527
4.118857
2.08047
2.116935
-1.971498
2.38709
1.419095
-3.781168
-2.090845
-3.593638
-1.245261
4.698603
4.26111
-3.993576
-2.964902
4.014423
4.544415
3.17093
3.36202
-4.125367
0.8746643
3.898794
1.919607
2.059537
2.890091
4.751905
-1.494891
-2.912383
-3.267545
4.950912
-1.599166
2.052942
4.399459
3.376999
1.987697
-0.2800851
-4.847076
3.521905
0.1493077
4.753088
-1.425593
-1.132564
4.330321
0.6416864
2.949151
2.622163
-0.9593921
-4.249076
1.306421
