-3.715662
4.838234
-3.104152
-0.316432
1.383019
-1.504063
-3.024918
0.3857441
1.879117
2.040752
-4.265516
-1.614898
0.8643813
4.898859
-0.5105109
-0.0514679
-1.7859
-3.212199
-0.8328648
-1.456306
3.396872
-4.63682
1.451509
-1.799113
2.252041
-0.8774133
4.752928
3.948458
-0.08442831
-0.4222198
-2.912853
0.3829126
-0.723526
3.518724
-4.820404
-1.015325
-1.850088
-1.307137
0.3814797
-0.6581063
0.9357233
-3.07804
0.5012317
-0.3154855
1.044989
-0.6868095
3.917402
-3.560665
3.442755
-0.224802
2.398549
3.981413
-4.127831
-3.314846
-1.993451
-1.83332
3.750398
2.096424
4.740969
4.316902
-1.065537
-2.690906
-1.516611
2.134088
-3.649817
0.2851229
2.289903
-1.010118
-2.98373
-0.4096193
-0.1349921
4.427063
2.251022
3.141683
4.581182
-4.536497
2.676645
-2.307258
0.9593086
-2.600679
0.9497576
3.185283
2.255425
-4.446696
1.092859
1.536169
0.1836009
4.991089
1.880224
3.483114
4.85497
4.08282
4.563628
3.558038
3.471279
2.963651
-4.225689
-2.927393
4.693423
-0.5300455
-4.48413
3.638662
-4.004293
4.587564
1.93622
1.788731
0.1893992
1.858263
-4.662027
-0.02270031
-3.156636
-4.850592
0.4230995
-3.305428
0.9966249
-0.7565408
3.15912
4.25749
4.811302
2.91204
2.800401
-3.773529
-1.950768
2.876759
4.293889
1.555133
0.722218
-1.218095
2.262243
-3.809088
2.080988
-4.578575
-2.955203
-2.307915
3.694201
-3.094468
-1.711425
3.634181
3.499308
-2.735685
2.972901
1.409461
-2.081931
2.679435
-1.795464
-0.6517859
-1.178923
2.409713
-2.874267
0.6439548
1.018168
-4.767859
-4.79007
-1.227146
3.664427
1.806674
192877.7
