0.271297
-0.6396956
4.655592
0.3675575
-1.628816
-4.500819
4.229621
-4.867762
-3.085307
-4.196214
2.146629
0.6145067
-3.21761
-3.432021
3.431694
0.4980989
-4.733728
-2.516318
-2.54061
-0.1083832
2.548519
1.304115
3.318496
-1.728062
0.9852557
-2.578811
-4.297433
-4.862338
2.190915
0.3990083
0.7387037
0.5517859
0.7112546
4.827403
-1.485863
-0.975625
-4.05731
-3.980389
2.770761
3.887101
-3.492115
-0.6884546
0.4492741
-0.4388232
-0.6945138
-3.433414
4.647694
-4.749617
-2.940177
-1.983227
-2.337316
-4.906827
3.831631
-2.523685
-4.997053
-4.627255
-1.910465
4.188
-3.859248
-0.1037903
0.8645778
-2.082761
1.809913
-4.62512
1.63237
3.369053
4.212358
-2.260875
3.984764
-2.950003
-2.265257
3.613711
-2.025434
1.268042
-2.444984
3.115135
-4.328278
3.108894
2.251264
3.007755
-1.447535
-4.586545
-1.734342
-0.9911127
-4.186072
2.423096
-4.660541
4.268383
4.973265
0.7113938
-0.7681255
-0.5872912
4.55669
1.721926
0.4159646
0.2610927
-1.366028
4.50273
-3.642321
-4.247257
-0.1636701
-0.04688454
-0.9148331
-3.369995
-3.79966
2.718116
-2.400303
0.07640171
4.913787
-2.591338
2.888396
-4.26894
-4.331256
-1.103914
-1.479166
1.8232
1.254616
-1.753114
3.297997
-3.428916
3.152252
-2.56454
-2.682437
2.208386
4.748222
-2.834233
-4.898378
-3.483967
-0.9621816
-2.304068
-4.237701
-3.207777
-4.845372
-1.684659
-2.34188
4.094641
-4.826387
-1.041469
-4.125567
3.311941
2.553996
-2.11548
3.710561
-0.09032679
2.492803
-1.513954
-1.565508
2.028078
0.5290275
-4.799119
-1.41833
3.835707
0.6697459
-0.4331727
4.536447
-1.562241
51948.98
