1.49597
-2.645597
-0.108748
0.9953852
-0.1109023
-1.492067
4.391019
4.752309
2.234643
4.114285
-4.042978
4.050312
2.931077
-0.7401853
0.6266136
-1.872377
-3.656622
-2.981378
-4.344541
0.3771133
0.875402
-0.4525237
-3.896028
-1.172452
1.764139
-3.092364
0.2093358
1.004488
0.8904667
2.094723
-2.437775
2.040567
-2.725707
0.6670003
0.04291964
-2.105735
-4.114002
-4.821909
-2.735708
-0.4320235
4.254202
3.951195
0.5567818
-2.194984
4.223658
-4.853582
-4.756803
3.058063
0.07401419
1.213531
-4.087987
-0.895359
3.953661
3.079239
-3.18349
3.672808
4.491851
0.4964776
0.1755853
4.580433
-0.7097216
-3.285034
-1.508213
1.696417
-2.957168
-3.552636
4.61583
-3.723048
4.646518
0.5108767
-4.300529
-3.404521
3.361875
0.146039
-0.4493051
-0.6516047
1.719622
0.2124052
-1.841472
2.633197
2.47839
-1.910694
2.529148
1.647359
-0.4416232
-4.423188
2.988191
-2.202761
4.835681
2.678688
-4.495476
-0.4212208
0.766284
-1.209698
-3.236865
3.711989
4.323398
2.237495
0.2859573
2.795587
-3.195164
-4.533384
-2.152259
4.890474
1.754969
-0.9919066
-4.820709
-3.696322
4.987156
-1.559786
4.493005
-1.368334
-1.115522
-4.454531
-3.596605
-2.294328
-2.839736
3.5677
-2.361028
-4.779947
-2.126128
-3.996248
-3.941446
-4.195368
1.304717
3.936243
3.583643
0.5917091
-1.819489
-2.73013
1.897424
0.097682
1.550305
1.00812
0.6179495
-2.517272
-3.37838
3.678933
-2.245846
-3.47013
2.349085
-3.840922
-4.70295
-4.81908
1.704305
3.214236
0.2359195
-0.9821625
-1.77748
0.9407849
-2.846051
-3.864517
-4.366975
0.5886025
-3.014583
3.062646
12777.31
