-2.229052
-1.893353
0.5624681
4.631956
-2.108577
4.656202
0.9547262
-1.782913
4.4081
-0.3284101
-3.523952
-4.174138
-2.160024
-2.925486
-3.008907
-1.679254
-0.7889609
-4.437416
-3.673922
3.36433
-2.410846
-1.887081
-0.8877368
-3.583855
0.4383368
2.144282
2.497805
-2.602092
-4.753246
4.689728
2.386822
-1.670837
2.061266
2.916868
-4.651193
1.340947
-0.09232712
1.500043
-3.105607
2.232106
4.086937
3.173617
4.505529
-2.368817
-2.843555
4.134971
1.352413
0.842411
0.8934884
-3.023983
1.684062
-0.8579426
-1.284037
-2.692274
1.13684
0.5548687
-4.290027
2.105069
-3.720798
-0.09192657
-1.335171
1.196119
-1.332988
0.5245094
0.3843503
-2.343376
2.489313
4.780435
0.8469839
-1.551672
2.859154
-1.56738
4.685396
-3.147543
2.181483
1.538914
2.708121
4.934168
3.841529
2.612294
-3.700852
-1.98311
0.3713102
0.1588483
-3.687972
-1.567755
0.3400712
0.1770835
1.583645
4.750144
0.9998317
-0.4048519
-0.1435785
2.763317
-2.203877
2.002829
-0.2074928
-2.641405
-1.19178
-0.5743461
-0.9966021
4.003136
0.4635148
-2.103975
-0.4793148
-1.904185
1.620437
0.9388895
-3.31626
1.132612
1.423412
3.259526
-4.810705
-4.75977
2.598454
-1.191063
2.819456
4.095066
3.179306
0.8744984
-3.733144
-1.145231
1.958786
-3.27921
3.001596
-0.04910994
3.589628
-2.368519
-1.295596
0.5421276
-2.764901
2.717674
4.061999
-0.1317267
-4.823321
-3.899343
0.6764908
1.766935
4.904484
-0.1193829
-0.4614167
1.992339
-0.466681
-3.015822
-3.542707
4.964535
4.817286
-4.613557
1.051577
1.485475
0.3804092
4.247408
-2.795385
-3.269567
4.839637
-3.779336
8.857098E-06
