2.643509
-2.554529
4.275946
-4.23877
-1.306494
0.7001452
-2.638336
2.332516
-0.2295537
-3.443081
0.1620703
4.546034
4.658102
3.063786
0.8183522
-0.4926057
4.604628
2.837868
-0.2159805
0.1200147
-1.517652
4.051957
-2.8899
-4.296257
1.804905
4.009501
-0.7194142
3.43099
-0.07383633
-3.670641
2.291532
2.565155
2.102642
-2.377944
2.283736
4.951123
-1.888332
-2.059373
-2.714014
2.008865
-3.675179
-1.824184
2.12152
-1.386113
-4.305899
0.8412428
-3.222295
-0.2901368
-4.464727
-4.465803
-1.332907
-1.176414
2.862105
-2.274957
-4.136968
-1.267972
4.793368
-0.6799669
0.8182769
2.459675
1.353115
-1.368382
4.470589
-3.343155
4.033643
3.417764
2.53195
3.305905
-1.831662
-3.346972
4.489957
-0.3906136
2.607162
3.915523
-2.003265
0.6751842
1.669023
-4.353948
2.920412
-0.4562039
1.965471
-2.797356
2.536125
0.7229443
1.158452
-4.931283
4.547037
-3.852888
4.609398
0.5883307
3.367407
0.4749565
2.413878
-3.343087
-1.167381
4.203428
-4.880613
1.787911
0.5013494
-3.756092
0.3081779
-1.927228
0.05807924
0.5040665
4.295732
-4.302407
-3.915225
-0.1149516
-0.3127594
0.2752833
2.176818
-1.421282
-1.888421
0.1463847
-1.615141
3.096662
3.499872
4.480697
2.94145
0.3095741
0.2452512
2.660502
4.151718
-1.763735
1.409471
4.491334
4.322967
-1.419386
0.2130623
0.4909902
-2.020049
1.511297
-1.434305
3.978877
-3.72032
-0.6628032
-3.309293
-4.719192
3.07816
-4.531713
4.534898
0.6997447
-1.070996
-3.973279
1.56669
-2.424679
-2.411783
2.169527
-4.832686
0.6412406
1.574461
-3.689838
-1.851907
2.321458
3.898623
-3.039353
79.21274
