-3.887713
-3.050642
1.183123
-3.65047
2.656007
0.09893847
-3.215128
-3.788896
-1.174757
1.862718
-4.879868
4.765375
1.483781
-1.262675
0.01696873
4.625778
-0.2275319
-0.590909
-4.844923
4.133031
-4.059088
-3.939312
-2.43247
-1.673115
-4.362528
-1.882856
4.15391
4.959063
2.45339
2.898455
3.526469
-2.20722
1.842673
-3.547733
3.598867
-1.173601
2.624139
-0.7105808
0.3278594
1.051113
0.9784408
1.907377
-2.762207
0.03903913
1.846403
-3.985632
1.368701
2.236915
4.928589
0.2840023
1.79042
-0.2056222
-1.368764
-1.177183
-1.221666
-2.969141
2.402568
-3.11465
0.7739573
-4.201124
4.447279
3.987375
3.728333
-3.767168
-4.210478
3.71893
3.705089
1.441067
-0.3926425
0.8400459
-2.335941
2.969134
3.679515
-3.141514
3.251946
-0.9443526
-3.588186
-0.1860852
-0.09633732
-1.166067
0.9221177
4.172235
-3.424803
1.155536
-0.788805
-1.92223
1.507385
0.5196567
0.5659027
-4.123555
0.9981341
1.634236
-4.319437
4.320742
-0.8191342
-1.56459
-4.186783
-2.413048
-4.195232
-4.223737
-1.143065
4.218453
1.233962
-2.57055
0.642385
4.330026
1.885777
-3.093979
-2.266152
1.02134
-0.9427552
-2.420609
-0.6554346
-1.596665
2.626266
2.358072
0.5345731
-4.644371
-0.08524132
2.777679
3.024132
-3.924079
-3.26242
2.89181
-4.947798
1.826812
2.931839
-1.177695
0.1906891
3.056599
-4.481244
3.237861
-1.593082
4.842311
-2.832147
0.3299623
-3.117451
3.288263
-3.418512
0.3716426
-4.024641
-4.851985
2.218902
4.107252
-1.649838
-3.981862
-0.2998714
-2.31267
-0.5979128
4.642209
1.268233
-3.90891
1.036994
0.2082138
2.615124
0.5813808
181412.5
