0.1948566
-3.632357
-1.977057
3.412779
-4.46188
0.9467988
-1.120048
2.067177
-4.994289
4.874239
4.581869
2.453749
-3.924989
-3.01355
2.924509
-1.480334
-1.046586
-3.429037
-3.17877
2.105699
1.202194
-3.170281
3.373408
2.422268
-2.152186
-3.734598
-2.752281
-3.608886
-4.560492
4.279828
2.43796
-3.582658
-0.6344004
0.8262448
-1.684057
0.5574532
-1.564343
-4.241405
0.04007053
0.8759899
0.1578088
3.216617
-3.12272
1.195739
-1.375854
4.449532
-1.950579
3.825656
-1.727075
3.876572
-3.22132
-3.968702
4.223082
0.5834789
4.967008
3.628936
0.1117401
-1.25947
-3.515457
-1.069517
-4.395999
0.6448669
-4.753244
0.7333403
-0.1112194
1.197126
-0.1455374
-4.367319
2.132836
1.186028
-2.89281
4.874756
-4.019569
-3.506254
-1.12607
-2.74328
1.561146
0.9507198
2.352151
1.562093
-4.570375
1.078032
-3.483776
-4.885755
-2.208815
1.221874
4.170501
-4.235012
4.628112
-4.343023
3.57674
-4.648948
-0.7039409
2.698215
2.963681
0.25986
4.483886
-4.355021
2.085489
-1.504622
3.582672
-1.967943
2.726605
-1.743183
-4.470182
1.625322
-0.02567244
-4.659558
0.901341
3.060144
4.333433
3.561268
2.461615
-2.045066
1.885839
-0.6229467
3.940363
1.430844
2.312313
-0.3304906
-4.099908
3.803535
3.970988
-2.424238
4.980216
4.958058
-1.531671
-2.618458
1.0585
2.396802
-2.899377
2.106814
-0.1042871
-4.569971
3.473445
2.746171
-3.877075
1.304994
3.10986
1.801101
-1.758098
3.802583
-4.812736
-0.2324824
-3.339982
-3.095264
1.887275
0.4873581
-4.600214
0.7806249
2.663171
-3.486506
-4.567093
4.400555
-2.97494
-2.689248
58064.26
