4.153486
-2.738779
3.748268
-3.391042
-0.9216981
2.717121
-0.7379837
-1.747985
0.6274576
-1.621521
-4.815636
3.185383
2.869887
-2.76724
2.714529
-1.300214
0.5653672
4.019991
-4.966874
4.256628
4.386025
-1.629438
-0.8744879
3.379463
-2.170147
-2.356925
3.250147
-0.7640486
-4.764624
4.361306
3.771219
4.839883
2.750283
2.428084
1.538829
3.79993
-4.428455
4.724958
-3.79054
-3.986321
3.164082
4.628653
-0.2851958
-2.609398
1.407554
1.557824
-3.943004
-4.814348
3.685139
-1.806114
1.467864
-0.354404
-3.648724
-4.588003
-0.9578185
-1.028065
-0.2170711
1.953218
0.9900088
-3.859718
-4.980088
2.303941
-3.19516
2.821252
1.501599
-0.9669619
-3.707557
1.556369
-4.502472
2.437984
4.555678
0.2285771
3.292128
-3.346765
-1.260733
-0.8969932
3.201216
2.657333
3.252068
1.402458
-3.292175
-4.348458
-2.539473
0.4506083
3.003776
-4.85856
4.261542
0.6852536
-1.411016
-1.948169
3.073877
4.87536
-3.269171
1.398647
0.1054506
-4.665462
-1.413217
-3.058163
4.399534
4.995102
-3.154182
-1.350034
0.4417462
-1.655691
-2.504517
2.505306
0.1398344
1.466443
-4.944599
0.02216148
-1.471931
4.952227
-1.429878
4.6173
1.598856
1.232028
2.606464
-2.089537
-4.392743
-3.969501
-4.679838
4.335428
2.146727
3.452909
1.88482
2.537589
-1.235907
-3.586531
1.099043
-3.975699
3.441001
-1.293948
2.733029
3.083916
-3.508216
4.363681
-3.111424
-2.257759
-4.652384
0.02320242
3.902064
-2.996199
1.077265
2.506264
0.7317634
3.565638
-4.247951
0.6483335
3.282006
-0.6812553
1.678984
-2.717747
-3.740852
-1.636055
2.090816
-2.794743
12727.35
