-2.903949
-2.011791
1.375638
-0.05524921
1.41075
3.279905
4.446572
-1.721924
-4.360662
-4.42542
-4.631002
-2.57759
4.266139
3.816465
2.087089
3.728462
-0.2108126
-3.049786
2.100407
2.30643
0.2522583
-3.373997
-3.040565
-1.027391
0.09007883
3.971237
0.319665
-1.079934
-0.1434512
-1.941769
-1.833047
-0.09314251
-3.318592
0.4365416
4.160132
-3.564331
-4.582085
-4.801978
-1.25899
-4.052507
3.030592
0.6341915
1.609965
1.74644
-2.726202
0.02749968
3.633958
1.72749
-4.647183
-4.788593
-0.8742599
-0.1194577
-1.386767
-2.908454
-1.163198
0.1544003
-1.430378
-3.443952
3.890395
0.1725144
-4.111916
1.837411
4.846022
-4.061452
0.443378
4.479137
-4.608658
-2.386196
1.096108
4.450529
1.424386
4.496925
-3.74012
-3.089362
-1.15742
2.85427
3.804996
0.02257299
3.734115
1.607455
-0.4445524
-4.753537
-2.672079
-0.08167791
2.042083
-0.2905731
0.02959204
-1.853219
-2.554741
-4.900396
-0.362155
2.615694
-2.671093
0.442235
1.555927
-0.8645515
3.604568
4.32757
-3.266723
2.329466
0.3522067
-2.06142
-3.27928
0.2826219
-1.197117
2.613906
-2.735426
2.033916
0.8742671
2.139828
1.216573
4.920976
2.499211
-1.561289
-3.915091
0.2714615
0.935771
3.54722
-2.556736
2.156713
3.89243
-1.066695
4.49458
4.01785
4.995229
3.667511
4.188148
3.27442
-2.95963
-2.998117
1.789794
4.163927
-3.187127
-2.859446
4.748865
-4.393471
2.162921
-3.693128
-3.756652
-4.029184
-0.5609708
1.860592
4.167513
3.71435
-3.156566
2.325695
-2.812735
4.346601
3.823921
-3.248185
-1.590843
-1.491573
0.3656106
-3.719871
-0.9828229
-3.696647
8.980463E-06
