-1.523919
4.625606
-4.849432
1.919553
-0.05691099
2.051078
1.622195
-1.297166
-3.225615
4.913201
-3.462492
0.2555008
1.813849
3.92343
-3.035909
-1.807995
-4.110293
-2.754239
3.547985
-0.4166799
2.259036
1.912379
4.054485
-3.253393
1.791344
2.021098
0.7126408
3.543553
4.372754
-4.665309
-2.258699
1.242621
1.849861
4.849117
-1.481359
-2.263272
-3.794427
1.220921
0.178494
-0.2759666
1.608759
-0.09338427
-2.842851
-1.57893
-2.415933
2.538168
-4.534061
1.764401
3.902246
4.966581
4.690754
-4.658621
0.5277343
4.670467
-1.311478
2.740349
-2.291441
-1.548734
1.990571
-3.432276
2.498207
3.270376
1.497792
-2.433733
-1.457831
3.084433
0.9347053
3.98213
1.787245
0.600565
1.258193
-3.320817
-1.501801
2.200288
0.460444
2.863742
-3.063669
-2.20552
-0.5418439
1.811738
-0.4695911
4.744207
-1.80444
1.256271
3.580707
1.979972
-4.83639
1.333048
-1.05023
1.442668
-4.509928
4.924108
-1.872533
1.299512
2.475867
2.375909
2.158844
-2.331845
-2.686021
-2.033692
-4.939366
-4.96384
3.640336
-2.962651
-4.488648
-4.711861
3.257967
3.070395
4.671956
-2.497886
-2.74064
-1.898621
-2.267638
-2.185183
2.340888
-0.1373653
-0.3424745
3.256836
-0.323432
-2.567185
4.904232
-4.412671
-2.898883
-3.859626
3.705426
0.6017799
2.339606
-4.639015
-0.9066076
-3.611154
1.849763
4.28173
-3.837004
-2.714051
-1.351274
4.76615
-3.144545
0.4417653
-4.98897
3.819729
-0.1114564
-1.657129
-4.964333
2.393456
-1.357328
2.211846
-1.053068
0.6323175
-3.872974
0.5259771
-4.081954
1.244119
0.2530332
-2.528121
3.63204
-1.368452
0
