-3.900162
-3.07081
3.215883
0.8736591
-0.8415885
-0.3476019
3.04511
-0.857337
-2.218821
2.62361
1.989552
-1.950908
4.147463
-4.290533
-3.134512
4.569679
3.087423
0.5387239
1.540233
2.394014
-0.9761505
4.283895
-2.904834
-3.2694
-2.67086
3.896655
-0.7232099
1.253726
3.111659
3.213117
-0.5322857
3.488216
1.950409
0.7707791
2.838249
-2.823614
-4.170886
-1.566319
3.598459
4.120199
-0.1242499
-1.967062
-0.6846075
-1.945199
-2.203235
-4.489702
1.137251
-1.114287
-0.2974205
-3.960366
-2.879497
-3.906294
1.966131
-0.04054594
-4.469252
-4.952694
-0.166574
0.5734391
0.6336303
-4.393872
-4.482552
4.722043
4.52188
-1.721782
1.40889
4.106287
1.864283
1.885065
-4.409533
-1.88771
3.920666
-2.421303
3.222116
3.142754
-0.1626329
2.002931
3.970504
2.827421
2.34935
-1.838897
-3.709833
-0.8293157
-1.094306
3.040085
-0.1525192
-2.094655
-0.9076447
-0.3692489
1.544198
-2.172862
-3.256377
0.6887646
-2.667908
-4.057721
0.6100936
4.395124
1.651904
-2.613938
-3.296964
2.186279
-4.566658
-4.54069
1.278926
-0.6008224
1.393157
-1.900447
3.986465
3.499985
-0.881433
-2.640591
2.909635
3.909334
-4.41443
0.1796632
3.923402
1.277364
4.233158
3.635169
0.4688663
1.529539
-1.206834
4.180351
4.479424
1.904873
-2.950915
2.007594
-3.020519
-2.271754
-4.01656
-2.911133
2.712682
4.801351
-0.9678216
1.620365
4.524789
-0.6050129
4.624852
4.124794
-3.858577
3.875083
2.337422
0.2970939
-2.421503
-1.894059
-0.6090932
4.137067
-2.186291
4.42155
3.8098
-0.9483809
2.718235
-1.895419
2.740742
-3.378445
3.309443
-0.9710007
0
