3.700058
-3.851787
0.3361301
-1.549054
3.447915
4.778757
1.261765
-4.833591
-1.493493
2.363942
-4.381047
-0.3080897
-3.264954
-3.950329
1.213529
0.6836777
4.604793
-4.143167
-0.9366899
-0.1442523
-2.659374
4.163052
1.11497
0.1471729
-0.4903598
1.734264
-1.888631
-3.594173
-3.92599
-3.989172
3.450624
-4.937037
3.796941
-1.039999
-3.656736
-2.960843
1.927916
0.7941265
4.787214
-2.280353
3.939714
-0.0571661
-1.232607
2.408092
-3.277384
2.828465
0.5932646
-2.723615
3.525116
1.332646
2.897291
-3.270477
4.179067
-0.09582329
-4.165255
-3.400694
3.763798
-1.1375
1.43669
4.181319
0.5864925
-2.709879
-0.6942792
0.4329877
-2.94324
-1.621096
2.699429
1.330888
-2.500672
-1.956089
-3.237501
-4.185465
0.12078
0.8389063
-4.718686
-2.027369
-2.880037
1.429977
-3.126454
-0.7008238
-3.653456
-1.746668
0.4649372
-4.362427
-2.133719
-0.8458023
-1.247308
-4.578551
3.721786
3.016124
-0.394084
2.666119
4.812664
-0.5511637
-3.417344
4.076023
0.7044773
-0.1323466
-1.524394
-1.31082
-1.864476
4.038558
-1.761384
2.231433
-1.412306
1.560488
-2.515549
0.9186311
-1.147511
3.600352
4.403138
-3.394916
-3.776123
-2.036271
-4.481192
-2.170889
-2.544879
-2.955811
0.03526497
1.691334
-3.535499
-3.516035
-1.783714
-4.51446
-1.25129
1.222174
-4.845843
-1.027515
1.014269
-1.313766
-2.36366
-4.273156
-0.7995291
2.051833
-4.435367
4.754175
-0.08974504
3.460454
0.6804652
1.685965
1.396134
-3.277387
1.579188
1.981562
1.671579
0.1411409
3.860334
-4.37542
4.145269
-4.255346
-1.365337
-0.9363599
0.8730669
2.172669
-0.134625
1.289754
1063.827
