3.929255
2.949716
2.327295
-2.564342
3.583275
-1.643973
-2.336946
-0.6171803
-3.106196
-1.484603
0.6428618
4.114599
3.207929
0.4856782
3.884186
1.801528
0.03163528
-0.1200562
3.009888
3.617657
-3.940017
3.333488
-4.643866
0.5055099
-2.563
-2.000298
-3.723848
-3.001162
-3.536474
0.5604582
1.777548
-3.770942
3.726524
-3.186848
-0.2426414
-0.8499961
-1.226583
2.537873
-1.182089
-1.771131
4.771413
-3.700596
4.338865
0.8203621
-0.8347087
-0.04500341
-4.101984
-3.602246
-3.082191
-0.1953607
-3.470088
4.343386
-1.807311
-2.551805
4.321386
2.954025
2.08593
0.4014416
-3.513175
-2.957447
0.7926197
0.8063574
1.652962
4.062366
-3.422552
-3.281192
3.576547
-1.463705
0.6803446
2.712953
-0.2605801
0.7483692
-0.6937976
3.314817
-4.320636
-4.940072
0.6264
2.194901
1.019719
0.5556006
1.156667
-4.624543
4.231525
4.504632
0.1253633
-0.917521
0.9922261
2.78296
-2.315969
2.978027
0.9715347
0.2642016
4.106751
4.197496
4.906954
2.977867
-0.1246767
-2.482331
4.972062
-0.1297169
-3.316999
-2.50262
-4.762935
-3.996572
-0.4789276
2.286544
4.921922
-1.542464
-2.383712
4.81395
1.509466
-1.947455
-3.448373
-2.224076
4.387946
-2.05478
2.652586
-4.090668
3.513618
-3.687963
-0.6844587
-2.341285
3.808029
2.534646
-4.814461
4.26998
-4.870582
0.5918746
-0.1602383
0.2680678
4.546724
0.451426
1.951266
-2.690557
-0.7872491
-3.590868
-4.98708
-0.4342036
-1.058177
1.267465
-1.446596
-0.6107097
-3.181258
-2.599086
-0.5939894
-1.325235
-2.635782
-2.604785
-1.472797
-4.059769
2.369753
-3.548408
-0.2576585
-3.164931
0.504765
-1.920914
867.8738
