2.732449
-1.910804
-3.685555
-0.6154804
1.031932
-4.201014
-0.1486115
2.246554
3.349895
3.589003
2.044885
4.899342
-4.50742
-3.103056
-1.856111
-0.6212802
0.2390008
3.21458
-1.251046
-1.742272
-2.981042
-4.14362
-2.477273
-3.539499
-1.006958
0.178091
1.221195
-0.7260151
-4.080767
1.944692
-1.918301
-1.937058
-2.899381
0.2364664
-3.191839
2.944822
3.452006
4.734038
3.426573
0.09279919
1.863763
-3.898861
4.950721
1.367379
-4.865891
-0.6050367
-0.8874969
4.875575
-4.540582
1.159459
4.696575
-3.705592
1.492992
0.8754807
-0.5618553
3.938576
0.598094
-4.976187
-3.124352
3.884718
4.163364
3.52968
-2.997221
0.5571957
1.903905
1.29595
-3.705479
-4.533121
-1.120222
-2.552739
-4.50777
-0.2712231
-3.956622
4.724698
-2.120306
-0.2532535
-0.2837939
-1.639459
-0.7514734
-2.727439
-4.290657
4.582872
-0.790524
-0.8586102
1.222082
4.342152
0.8397965
0.002381325
-4.536684
-0.8751898
-4.250437
-4.992963
-4.795794
0.9723024
4.723892
-4.403506
1.088459
2.230873
-1.502834
-3.140988
4.12629
0.4310684
2.491324
1.101735
-1.63404
0.3765149
3.82615
1.070156
2.002792
3.767636
4.475269
2.209553
2.403483
-4.919168
-2.261496
4.360522
-2.184306
3.495212
-2.239357
-0.2671452
-1.773229
-4.595805
0.1137896
-2.771101
1.857723
4.039169
-2.20016
-2.560949
-0.1877098
4.82129
3.891655
1.084373
-3.963907
1.842276
0.8819265
2.560816
-1.983569
0.4927235
1.967456
-1.865919
-2.051551
0.7944984
1.992823
-4.939122
4.253307
4.849091
-3.829593
1.987682
0.5482073
-4.248309
2.166711
2.420161
4.719654
-4.676286
-2.809883
3.937956
0
