4.088355
-1.317365
1.322789
-1.643947
1.027798
3.686691
-4.57975
-1.37567
4.821447
-1.243269
-4.380774
0.2485113
4.805758
0.2327366
-3.18104
3.850203
0.5246978
0.3020768
-3.496799
0.2304692
-0.8175473
-1.701112
2.843187
2.755297
3.970847
-0.8397384
-3.388987
1.832075
2.229608
-3.731615
3.055723
-2.102782
-4.784801
2.02282
2.352785
1.234428
1.740871
0.9531431
-1.885896
0.03779125
0.3334408
-1.161727
1.363639
-3.068499
-2.502581
0.8971004
3.79146
3.810415
2.446722
-3.768211
-3.648672
1.090478
3.294529
4.365034
-3.544433
-4.406046
-3.898645
2.805841
-2.338508
4.060623
1.088843
-4.429253
-4.647798
-2.928002
-4.013712
4.056679
1.887234
-4.792966
-4.322797
-3.267602
2.940277
-4.375345
-1.487859
2.062124
1.885346
-2.947338
-4.795981
1.31073
0.4761572
-4.051182
2.298417
-0.139143
0.7490106
-1.39539
1.741377
0.6981082
-2.708297
4.955547
-3.353535
2.011031
-3.365284
-2.21351
-1.623728
-4.505445
4.948978
-4.831696
2.146014
0.2705784
-4.924296
-1.915987
-1.884284
-1.181306
4.322825
-0.0553112
-1.742911
4.154835
4.135566
-2.36183
-0.5918236
-3.771325
2.970397
-3.572689
0.5668597
-3.059027
4.896358
-0.1335855
-1.823204
1.859529
4.134883
2.181828
-3.718342
2.379304
-3.129388
0.657795
4.398054
-2.752678
-4.896178
-4.404623
-1.703577
-2.038354
2.200904
1.736231
3.744187
2.198594
-2.861771
3.22298
2.476352
1.42364
-1.096213
-2.287318
-3.527631
2.791662
-2.880766
2.517425
1.365274
3.036904
0.3211098
-3.60816
-2.780917
-2.095644
-4.325782
0.3623123
0.3605838
1.101401
2.539486
-1.708665
0.03568777
