2.643166
1.32283
3.820687
2.954973
-3.57782
1.778037
-4.301377
-4.722995
0.7032509
-1.082239
3.608742
1.126565
1.865626
4.807616
-3.466065
4.215879
0.2349181
4.956009
-4.069132
4.447149
2.15551
2.04687
1.502311
-1.087191
2.463251
-2.655901
-4.88269
3.860239
-3.069649
-4.134874
3.411017
2.435839
-2.128915
3.163149
4.736818
1.539448
-4.804025
-0.04245806
2.690741
1.954629
-4.771176
-4.884821
-0.9178047
-4.5864
-1.15642
-2.089119
-0.1969175
-3.929587
-0.1911454
2.742389
-4.070026
4.016872
2.462606
-3.775726
-3.065181
-0.9461899
1.84778
4.167882
-2.498272
-1.175423
2.251318
-4.283304
-1.759574
-1.335607
-4.761967
1.685771
-0.1292567
-3.634864
2.644802
-3.756454
-2.863065
3.339937
2.137835
1.575811
-4.389919
1.485386
1.361207
0.6037779
-2.227554
3.418913
4.424124
2.909995
-3.389245
-3.195755
-2.309689
-3.474398
2.620092
1.091806
-4.357362
-3.098272
-4.30943
-1.546218
4.666936
4.288197
1.946465
1.018943
3.457099
4.66546
3.690539
1.70866
-1.470477
-0.04771042
1.845222
3.516074
2.98516
0.9122806
0.7345967
0.4506392
4.104024
1.245814
-3.325194
1.32206
-1.028773
4.425394
-4.661694
1.592232
3.041382
1.569968
-2.970809
0.8007722
4.700409
-2.423319
-0.4400163
1.604844
-1.334424
-1.458199
-4.689726
0.7752709
3.964404
2.091146
-1.886065
-1.380908
-2.650957
-0.6197591
1.196177
-2.852758
2.003013
1.280243
3.562577
2.085193
-3.433069
-1.995866
-2.577828
-1.489773
2.082461
-2.744099
-1.664421
-1.68547
-0.9124489
-2.645097
-3.786092
-0.08838367
2.702092
0.3495283
-0.2488141
-1.028305
823.5132
