-4.03903
0.5423312
-1.686556
-4.684857
4.522928
0.01054716
-1.8464
1.780602
0.948257
3.10187
-3.197521
3.299502
1.267816
2.063901
-2.222149
4.718419
-1.614453
3.504028
0.4436274
4.847155
4.673835
-1.339876
0.2106528
-3.659478
-1.774309
0.6343513
-0.3637929
-2.046714
-3.638649
3.780441
-3.650135
-4.66099
2.450225
0.8788652
4.273207
-2.251415
-4.265612
4.107169
-2.440743
-3.930053
-3.952385
4.257195
0.7412128
0.9253068
-2.196133
2.210419
2.768831
3.979883
-0.8966498
1.524697
-0.2189608
1.99472
-3.371861
3.296976
-1.192763
2.638541
-0.421731
0.03356743
-4.39169
-2.257016
-3.83301
-0.2127891
4.580963
4.867416
2.593467
-4.474932
-1.142898
-3.08744
0.4392915
4.547726
-2.17695
-3.865602
-2.857357
2.964286
-3.212149
1.035514
0.5303054
-3.889766
4.347228
3.660711
-2.756161
-0.3813033
0.1974506
0.6793017
0.4024653
4.666251
-3.338423
-1.849542
-3.051659
4.340062
2.709702
3.014524
-3.953976
2.106931
-4.848433
-2.587949
4.356973
-2.954056
-3.902881
1.387106
-3.889227
4.777766
3.91989
-1.129439
3.228345
-1.058018
-2.791116
0.7311349
-1.919671
3.642788
2.012599
0.1385098
2.969298
4.737902
2.75168
-3.519969
-0.7568126
-4.140177
3.182224
-2.345298
-1.634858
-3.334315
0.6139212
0.6413488
3.024354
-0.1932664
-4.073566
0.3918223
2.380008
-2.666664
-2.640178
1.058142
-0.3165345
-4.860409
-0.5825381
-0.5460529
-1.251626
0.5570192
1.005748
-3.678924
-3.239856
0.005080223
2.259874
-0.6309934
3.74071
4.141743
1.711124
3.845425
1.270287
3.974923
0.6207972
4.688734
4.477179
-2.895815
-2.064759
0.04381132
56659.68
