-1.21173
-4.712678
1.181319
4.400432
-2.751866
0.5052586
3.57777
1.511868
-0.1713247
3.027712
-0.5697174
4.794458
0.1182823
-2.223782
-2.29712
1.689258
2.693372
4.916627
4.216616
4.103704
-2.433434
0.06131124
-2.337121
-3.402014
0.5625539
-4.075613
-4.524094
4.618312
1.67088
-1.813121
-1.880935
-1.903558
4.611188
-2.018078
-3.951851
0.2147536
-3.087733
-2.191391
-3.997286
0.07518721
-2.247958
-1.725153
-0.936945
3.19462
-2.529995
-3.737644
-4.410419
-1.70552
-2.740112
-4.301785
-4.397708
-1.744001
3.805435
0.97192
-4.901699
-4.161226
4.642869
-1.207512
-1.31691
2.467194
3.904456
4.790609
2.586259
-3.157503
4.116497
0.428546
0.6238766
4.002998
1.493983
3.381186
4.02545
4.658202
-3.518894
2.363149
4.909847
1.108795
0.6373568
-1.394562
-1.179433
2.811632
3.880427
-4.965933
-0.7535534
-4.018057
-2.726166
-0.6207852
-3.85201
-0.022686
3.967083
1.554612
0.368927
4.553545
3.937111
-1.341927
-0.205905
0.3346329
1.601729
4.832882
-0.6973867
-1.758611
-1.566864
-0.259438
2.493144
-1.073843
4.813443
4.185871
2.869352
-2.535225
1.290374
0.8450513
-0.4630871
-2.584542
-2.746456
-1.105576
-1.207845
-1.334238
0.5605798
-3.870896
4.655905
-0.4442639
1.408759
3.881464
0.1359291
0.9900026
2.811228
4.28749
0.5246873
-1.372983
-3.664037
1.754749
-4.149423
3.655155
3.27204
0.6529851
0.6147223
4.96545
2.936203
1.941417
-2.090718
-0.477087
1.128724
-2.368813
-1.225391
-4.819536
3.917685
-3.459277
2.053159
2.513754
1.444283
1.028654
1.506485
-1.21718
-3.30951
-1.520996
-3.411283
-2.296727
10831.62
