-2.285312
-3.734359
1.361741
2.386309
1.329464
-2.641939
-1.888474
-2.544588
4.578943
-0.5497403
4.713153
-4.224159
-1.53873
-2.0851
-2.133824
-1.710957
-4.056877
4.789133
2.20631
0.005443573
3.779353
3.169353
-2.105274
-4.02431
-0.7764287
1.708376
-4.216479
1.41836
-0.06866407
-2.463542
0.3727465
-4.766889
-2.485137
-2.545205
-2.145247
-0.8751101
-1.371739
-3.887659
-3.485676
2.531694
-4.335217
0.985208
2.803407
-1.554921
-1.369247
-3.322284
-2.15276
2.745286
-2.367188
-3.453825
-3.035316
1.517153
3.630042
1.60083
3.161547
-3.778001
1.588989
0.3022928
1.281639
3.329452
0.1036673
-1.503593
0.250072
-4.442426
-3.970708
0.7725053
-3.992288
3.688813
4.854269
-3.650184
-2.177766
-2.780494
3.125564
-2.557734
-0.5297189
-0.6560822
-0.09824944
-0.2429895
-4.915541
-4.780492
-3.802435
4.316091
-2.454308
1.517607
1.982751
2.850351
-3.029718
0.7648711
-4.344215
0.7180471
1.097655
3.274817
3.096302
0.5821843
3.08785
1.44604
2.693635
-4.352489
2.662974
-0.04940939
0.7820349
-1.35832
-0.9701509
0.4153891
0.9081202
2.12306
-1.157212
-4.757957
3.585038
2.168745
0.05191135
1.205356
1.554112
0.9475403
4.832145
0.4424291
-1.980381
1.829765
3.892205
-0.668705
2.919844
-3.005386
-0.9434609
-1.375914
0.8029418
-4.73571
-0.354249
-2.029688
-2.418825
2.646191
-3.11309
-1.377477
-0.7968168
-4.040087
-0.5879254
4.626078
-2.510363
-4.777808
-2.641289
-0.4616375
-1.333747
-2.042277
3.972714
4.425003
3.483992
1.388554
1.442002
1.440766
3.552899
-1.151556
1.712712
4.266562
2.060208
-0.9693604
3.859981
4.235331
537026
