2.612127
-0.1771779
2.625602
-0.07945108
3.230652
-3.522035
0.533051
-0.8639045
3.516257
-4.235832
-0.9545212
3.105566
2.323611
1.567006
2.496881
-4.150751
-4.739548
-4.300174
4.284856
-2.736101
0.7853537
2.640496
-1.888802
2.081366
-4.879088
-1.457158
4.264061
-0.00473547
1.106286
4.022012
0.9320445
2.806267
3.62289
4.929163
1.694261
-1.251158
-2.978084
0.6363873
-0.7687931
-0.4168792
4.453473
1.706523
1.098464
4.220731
-4.378817
0.3668599
3.560146
-0.4929214
-0.4128571
0.3014617
1.886703
-1.332808
2.806669
1.805249
-1.092601
3.238943
-0.3788381
3.681723
-0.264389
-1.5751
-0.8908968
-1.135044
3.326715
-3.716679
3.721066
1.455425
-4.707679
1.65523
3.509455
0.7500439
1.232839
-3.35891
0.6215949
4.219151
3.328102
-0.4924102
2.892442
-2.647269
-0.7741947
0.09875011
-3.866038
-2.418116
-0.3584342
-3.334574
-3.95444
2.511259
4.526908
-3.940982
-1.065261
-3.50638
-2.090947
1.275109
2.310387
-4.557423
-4.152598
-2.194378
-0.3613906
0.6150107
-3.635074
0.1053209
-1.788198
4.164076
3.615639
-3.674031
0.1781945
0.7992034
-3.40344
0.9473114
-0.9509377
4.16896
-0.6121988
-2.660422
-2.173352
0.9937234
-3.832953
3.959292
-4.049143
-3.252859
-1.768871
-3.435762
-0.3225117
4.704844
4.575077
4.467244
-4.828609
-4.443886
4.608711
-1.463089
-2.608499
0.02873135
3.372734
-0.8113127
-0.809267
-2.115264
1.66068
2.883897
2.758567
-2.859391
-0.9506483
-4.171266
-1.293319
0.1873307
-1.875885
1.947709
2.292762
-1.912391
-2.189515
-3.461123
-4.671509
0.4592876
-4.3514
-1.07663
-3.043087
-3.371582
3.852775
3.344009
24.66644
