-3.801523
3.953842
-1.127347
-1.319232
-3.111624
-0.7755179
-2.933846
-2.950284
-2.271499
-3.860902
4.562013
-0.2189307
4.416952
-0.2745695
1.617045
0.8524795
2.687206
3.601745
-3.777303
3.395188
-3.06673
-1.522258
-1.142778
-3.301224
-0.3152852
2.712052
-4.187368
-4.159784
1.703625
3.941067
1.877661
-1.796605
1.798108
-2.210699
3.521442
3.333254
-2.80654
-3.572221
4.007623
0.850069
4.893824
-1.507427
1.722467
-0.8105369
1.952507
-4.929477
2.323983
-0.4354887
-4.501246
-2.336409
-2.908398
-0.6977291
-0.5920358
4.913944
-0.8899064
3.660597
-0.7151885
3.161543
-0.1457686
-4.410008
-0.1601048
0.2111773
0.9285088
0.1371522
-2.704267
3.429226
3.758655
0.652657
-1.527274
-3.491906
3.204198
-1.503349
-3.871146
3.712232
-0.00324297
1.134517
-4.11317
-4.462624
4.251564
-1.778655
-1.477489
0.1927786
3.05284
2.177944
3.431003
-1.844832
0.9245973
-2.297609
-4.811548
-4.774025
2.461415
-4.842375
-3.470859
1.837744
-1.144478
-4.305629
0.2307277
-0.9487004
0.4927473
-4.007102
-1.691273
-4.450231
1.791258
-2.864456
4.972286
-4.723051
2.849569
-4.052896
-0.1532965
1.590582
-1.511918
-3.551975
2.196935
-1.033327
4.458387
2.403916
1.113184
0.3220124
-0.6945033
-3.787744
1.209571
0.5947013
-0.2837892
-0.8613939
4.273422
4.352131
3.130852
-2.145045
-0.3541751
-0.0477953
-0.3526144
2.959275
0.6250758
-0.408401
2.970726
1.334431
-3.776985
0.9736638
-1.608952
-4.974501
-3.845076
-4.783186
3.233324
-3.960911
3.906022
2.942127
-2.687741
-1.861996
-1.808718
-4.393243
-3.132056
1.464905
-4.454957
2.601583
-0.3967385
3.979118
345510.3
