-0.2273388
2.780375
4.324632
3.140812
-3.296247
3.932606
-2.484698
-1.555286
-2.281166
-4.794605
-1.087385
-0.4990692
3.913079
-2.893026
3.142626
-3.414039
-1.871736
-1.584498
-2.093019
-0.2335377
-0.9007568
-3.669403
4.175171
-2.953006
-3.355488
-1.98899
4.264196
2.621841
-4.91711
-2.952182
-4.284592
4.59608
4.438492
-3.120184
0.113626
4.888651
-3.760389
-1.375975
1.551236
-0.9632092
1.812383
-1.344554
-3.105616
0.9678693
-3.435746
4.020514
-4.565276
2.205905
-0.7037349
-4.490894
1.415791
4.84058
-1.30141
3.678181
1.342592
4.447541
-3.525269
0.3469734
-3.298196
1.026071
-0.5515642
-0.6701035
2.127834
-0.6580253
3.811641
3.499521
0.4879575
-1.809153
-3.719811
-4.353056
1.349526
-2.566969
-4.830966
0.2401118
4.189975
-0.9516449
3.868765
1.61226
-0.01062822
2.23619
0.3577332
-3.623771
-3.20455
-2.45747
1.537976
-4.315842
-4.268368
-2.825228
1.433215
1.236722
4.351679
4.421264
2.934661
4.00593
4.660587
-4.755373
-0.2306981
3.602853
-2.965001
2.226435
2.56179
-3.996729
-4.224035
-1.363693
-2.604862
-2.34463
-4.485838
-3.36358
-1.556511
4.208782
-2.101528
-2.169678
-1.055525
0.4388075
-2.24262
1.806753
-3.077598
2.673626
3.951738
3.714392
-3.757033
-3.939251
-2.676283
0.1987238
0.1190166
-1.412859
4.256469
0.8292384
1.292776
0.5630903
3.534278
-3.871348
2.152919
-4.626402
2.503455
0.547493
-3.026532
3.122893
-2.399519
-4.244854
4.425397
2.823881
4.145319
3.579241
-4.122372
-2.104137
-0.5793424
0.1233392
-4.690232
-1.753603
0.3867345
-4.782749
-2.851583
-1.568234
-3.726001
2.440813
0.2441311
