-2.604455
3.790468
-1.040569
-2.494635
-0.7642751
-2.247562
0.5351524
-4.036775
-3.433483
-3.295054
3.642653
-4.715142
3.560291
-4.304714
-1.581792
2.83114
-2.642624
3.51462
2.252434
1.678463
4.851813
4.473777
-3.652209
0.1021428
-0.1790171
-0.2868395
-3.003907
0.07636738
-3.913296
-2.457803
4.344815
3.129655
-2.505579
-4.161898
2.701272
4.183277
-4.974977
-3.521118
-3.691654
4.540096
-2.682768
0.6748409
4.449769
-1.870298
2.903386
-1.186083
-0.2423983
4.488262
-0.8272891
0.0828867
-2.280868
-4.150849
-0.5197005
-1.896784
-0.4066391
-4.679376
2.616028
0.1769443
0.06425571
0.4590793
-1.287043
0.03119516
1.843625
-1.303813
-1.03609
-4.226953
-2.391033
-0.2608223
1.233094
1.950787
-3.315812
-4.461855
1.718389
-3.068272
-4.989931
-2.854434
4.900892
1.427526
-3.548217
-1.959466
3.91217
2.701234
4.341675
-2.627976
-0.8183904
2.957889
-1.612971
-1.929505
0.9088473
-3.927204
3.241539
-1.734612
3.934338
1.687333
-2.569568
-3.574487
-3.110515
1.545086
2.810675
3.384275
-2.285331
2.92799
-0.3880186
-3.242068
2.500319
2.831838
-0.6576676
-1.823481
1.333372
1.074875
3.626758
0.05321932
-4.649825
-2.435751
4.485379
-1.684993
-1.297359
-2.759057
-0.8670015
-3.893499
-3.608787
4.606161
-1.906745
-4.629812
3.347335
3.113666
-3.007626
3.24472
-2.286075
0.2029891
-2.900108
3.181093
0.6426601
4.257916
1.880049
4.260965
3.269514
0.3131371
-4.489113
-1.209895
2.830268
4.279757
3.48156
-1.727662
-2.013268
-4.678851
-2.531844
-3.732437
-3.318064
4.83348
4.441348
1.116462
1.450763
-2.298164
2.589573
1.452274
810.1505
