4.185353
4.375263
2.223611
2.690276
-2.962428
-3.358785
0.001229763
0.6692047
-0.2722783
2.844595
1.695627
-2.565415
1.441381
-3.324772
1.594859
2.786916
0.7753272
2.936597
3.609613
-0.6031342
4.042499
-3.399505
-4.969257
-4.413782
-0.2733235
4.845289
-1.510082
3.045315
3.885669
-1.85708
-0.6642599
4.00311
-4.969568
1.948163
-1.947417
2.042944
2.391747
-4.752884
-4.677447
1.716797
2.849369
-0.5016546
-1.902632
-3.392201
-3.341593
1.349509
3.578012
1.997972
-0.9952359
-4.922542
-4.312249
2.596169
-3.112086
2.940924
1.709634
1.256468
-1.023064
-2.029071
2.784523
-4.353823
-1.620136
3.267057
1.967108
0.5042143
4.769634
2.482661
2.371854
0.7398648
4.951424
3.570733
-2.70105
-3.704314
4.731107
0.233026
-4.261345
2.765249
0.8579688
3.958061
-2.725815
-3.288548
-1.820702
2.234644
1.332035
3.833118
2.961741
-1.238647
0.1528282
-4.844387
-4.104695
0.1395278
-0.1903553
4.629642
-4.495459
1.531795
0.924036
-2.992616
-0.1807528
1.189666
-4.434748
-2.079808
4.432111
-3.245872
2.458683
4.198689
-1.315427
1.885185
2.043371
-2.922183
-3.631352
3.519415
-1.410322
-3.233017
4.100263
2.909416
2.71008
-4.599434
3.714155
-1.199036
-4.610075
3.578102
-1.862541
4.876576
-1.106061
-0.1321359
-4.485599
-3.607527
4.004328
-2.422691
-3.755787
-4.812149
-4.155081
-0.5933924
2.044132
-4.444567
2.365931
2.5912
0.4800744
-4.412313
-2.021148
3.365532
3.401166
-4.653935
1.892186
3.98501
1.581657
-3.847054
-0.8262925
1.222687
0.4718752
-4.174879
3.523359
3.190589
3.065928
-2.276773
-0.5206518
-4.176207
997.726
