0.8291478
-1.836045
4.050077
-3.941207
-4.160437
3.492167
-1.609699
-0.18328
-1.541405
-0.502749
3.150335
4.382225
-4.520924
-3.811972
-3.310071
-1.359861
1.486155
3.941445
2.199722
-2.281683
1.727586
-0.8588905
3.113523
-0.6668921
-4.941239
-1.495595
1.659164
-0.7811947
3.139863
-1.024973
-1.284422
1.03755
2.351034
2.628287
4.245433
-4.438105
-4.903473
2.35529
3.892391
-3.424047
0.7883186
2.800831
0.1777725
-0.7232184
-4.249745
4.999947
-2.937629
3.268004
-1.063786
2.03692
-0.5414195
-4.120622
-4.106847
0.989018
-0.2305799
-3.700731
3.029536
1.560724
4.401927
1.363755
-4.444385
-2.96452
-3.381859
-1.274049
-0.3604217
1.125595
-1.605365
2.065234
3.857496
1.551854
-2.393291
-2.864106
-1.391097
3.37673
-4.298731
0.1312609
3.243862
-2.975832
-1.087182
0.03551435
-4.072961
-4.747005
4.495711
-1.294899
-1.757681
-1.01888
1.762138
2.241132
2.771149
0.4402499
-0.08197594
1.251902
1.580994
-1.742694
-1.956708
1.70096
3.954321
-4.973347
-4.710799
4.314825
0.6728382
-3.574068
4.084558
-4.587044
-1.920338
-4.041994
0.633492
-1.331079
2.899475
-2.165177
-0.7599373
-1.001329
0.06433773
-4.781903
-2.405284
3.51924
2.195076
1.505897
-0.2699523
-2.81354
4.566545
0.3443213
4.435371
3.990554
-3.145731
-0.3202219
4.530284
-3.300334
4.538246
-2.152862
3.691314
4.557961
2.100302
-0.2611427
3.60335
0.6386371
-4.357882
-4.792013
-0.7803483
3.437079
2.128148
1.020048
-1.249172
3.483629
3.015723
-3.998203
0.7290297
2.125002
1.93808
3.556419
2.786389
-3.285317
-0.5375032
4.854809
1.92911
0.6441073
0
