2.55548
-3.933764
2.084838
-1.605126
-0.7967873
0.8165522
-2.763171
2.327241
3.546564
4.231126
3.530409
-0.7168908
1.365139
1.611035
2.488935
-3.943339
4.466755
-2.282029
3.200687
4.996016
-4.954314
-0.5983562
0.1993423
3.21272
-2.568556
0.8770447
-1.081865
3.527927
-1.367119
4.610582
-0.8457332
2.841432
-3.893119
1.437482
-4.956269
2.941552
1.474705
-4.235456
2.325468
4.979684
-4.656218
-3.868906
-0.8629565
-4.672096
2.922242
3.8844
-0.2481265
1.424609
-1.728988
1.827602
-4.959526
0.1018758
-3.415059
1.264248
-4.955818
-1.99853
1.304451
1.153746
-4.731293
-4.270206
-1.927648
3.175646
3.461512
4.5115
4.922029
1.89851
-4.577059
0.8248014
3.937793
2.170504
-2.04261
-2.666943
1.773785
-3.116898
4.381855
1.764917
-1.373834
0.9644957
-0.4526324
0.8965974
2.666346
-4.665173
4.959652
-4.076862
-3.929745
4.287957
2.49604
-3.887471
-3.004561
-3.153869
4.89555
2.597514
3.701161
-1.33907
-1.974099
-4.901351
-2.958375
-3.774771
1.349647
3.522114
-3.760283
4.348254
0.5256004
-3.717212
-2.716746
-2.899252
2.503687
2.666128
2.687812
-0.4063601
2.264606
-4.817943
-0.8869333
-3.073102
-4.713384
0.9622259
2.846924
-4.340389
-3.991871
-4.971245
2.046454
-2.067368
-3.414285
1.149525
2.059219
4.02913
1.106665
-4.734762
1.727986
3.579
-4.297176
-4.67737
4.9679
-0.9693365
1.217509
-3.892435
-4.218973
4.182741
-4.324335
-0.9525065
3.708535
4.089424
-4.570642
-3.953828
-2.176962
3.86936
-2.202156
-2.244111
4.053175
-3.137634
1.565325
3.920992
2.002064
-2.100014
2.895966
0.9918613
922.9388
