-3.33399
4.50265
-2.966251
0.9855742
-1.079897
2.003613
3.356776
-3.59409
-3.38461
2.973243
0.4286666
1.440046
-1.574389
-1.711199
3.863163
2.876604
4.975326
4.077392
1.824083
4.383314
-4.522315
-0.8889155
-0.8249803
-1.664644
3.822284
2.438
-2.667601
-3.827124
1.227953
4.708936
-3.114413
-4.500505
-1.30992
3.736066
2.772989
-0.5608101
-2.483212
-0.1850824
-1.336073
-2.052934
-1.130728
-4.946813
-2.545644
-3.074969
1.806002
2.817276
-4.272743
4.099483
-4.69686
-3.997935
-2.462211
1.504782
3.048753
-2.043849
-1.110053
0.713398
-0.1677613
0.9165173
-4.826738
-3.707112
-1.514576
-0.5657215
2.59181
-1.208876
2.703243
4.462543
2.893048
1.29109
0.6534915
-2.803479
2.988983
-0.3051882
1.41398
-3.201767
-2.120218
-3.913993
-4.700745
-0.2790995
-1.785137
-2.462755
1.393307
-1.99409
2.84421
-0.6457453
-1.037188
-0.07006216
0.7033582
-3.883977
-0.7299657
-3.552394
-4.313686
-0.1429076
-1.203427
-3.783152
1.744665
3.42732
0.9654551
2.787488
3.818089
-0.1391606
-3.652861
4.399076
4.014835
1.735715
1.764064
-4.065118
3.640593
-4.766325
-3.140406
4.916835
-2.368979
1.330213
4.734568
-0.06828499
-1.062327
-4.240781
0.1817055
0.09354639
1.670264
3.873162
-4.821444
2.13969
-0.4919548
2.48495
-1.677394
-3.666898
2.868576
-2.052073
1.066832
-4.509848
4.512031
0.5628424
1.222469
-4.661118
1.549006
-2.296234
3.133703
1.868672
-4.318117
4.671617
-4.616714
-3.936915
-0.4052286
2.907817
-1.290166
0.04177046
-3.495373
1.943929
2.131367
1.542526
-1.71735
-0.7941623
-0.7832928
0.04050922
-1.747913
2.612181
715.8601
