3.481275
-3.219222
-2.815948
4.94378
4.594385
-3.881098
-0.337966
0.7908206
0.7638807
0.4940157
-1.266655
-3.398155
4.851612
2.17749
-1.242548
4.802265
2.212368
-0.9184103
2.228518
1.221853
-1.345072
1.354083
2.463545
1.936839
2.411207
-3.782047
-1.618813
4.183722
0.8770638
1.982779
4.601366
3.806721
-2.560108
-2.748761
-0.9029145
-1.054096
2.050057
-2.225799
0.6166534
-1.305322
-1.891966
-4.891731
-4.07436
-4.284202
3.643368
2.380649
-4.458
-0.723639
-4.471834
4.100597
0.5984049
1.672658
1.066031
-1.645998
4.180952
3.580976
1.120166
-2.519327
2.983608
2.477868
-2.853312
-0.3155093
-4.93505
-3.296579
-0.7998676
3.141845
-3.086405
3.506294
-1.806209
-1.90554
0.4913049
-4.948261
0.3692513
4.896441
-1.119902
-1.483788
-1.130426
-1.3236
4.312084
2.139781
-1.7275
4.737402
4.013005
-1.293693
3.729088
2.091547
-2.850698
-3.296135
3.989265
-1.791499
2.393037
-2.711762
-2.066516
-0.6432633
-3.308784
-3.054627
-3.50336
3.578968
2.302761
1.321417
-1.245813
-4.045142
-0.05871582
1.403799
1.833801
-4.138447
2.828879
-0.1491065
4.146414
3.13517
2.113951
0.1394625
-0.07583666
-4.394269
-3.545595
2.823224
4.599181
4.797989
-3.37199
-0.544539
-4.171695
-2.370756
2.35195
-0.4196424
-2.430275
-2.200999
-3.225189
1.561085
-0.3628869
3.283486
-0.3864222
-2.920301
3.753673
0.06572437
-4.39966
2.287514
-1.750505
1.348288
-4.686336
-1.330165
-1.21695
-0.1579399
3.359161
2.421799
-2.444416
0.161243
-1.597824
-4.866913
0.5878453
0.7525105
4.646894
4.467173
0.7300491
4.075811
1.208372
2.575809
755.5032
