-0.8877535
0.001423836
-4.943637
4.60593
-3.287702
2.915812
-3.301987
1.538775
-1.01895
3.858708
-4.665081
3.456434
4.338551
-4.33414
0.09738636
-1.1469
-1.048707
3.952304
3.11645
-2.879783
1.897098
-3.144272
2.698307
1.063891
-4.330093
-1.164748
-3.570932
3.845662
0.7474642
-3.763932
-3.441534
-0.8312769
-4.506788
-3.41557
-1.918369
3.593673
-2.657189
2.454553
-1.192296
-1.54363
-1.463233
-1.430619
0.9315009
2.479775
4.906006
4.094213
4.29886
-2.868513
0.730073
-4.826624
3.823566
-2.049804
0.03520679
-0.6252236
2.314057
1.829824
4.389301
0.7538028
2.191587
-4.315114
1.649734
-3.810573
-4.085642
3.376682
-2.161242
2.620455
2.093059
-1.845568
3.749161
-2.463823
-2.619388
0.9884925
2.199502
2.000841
1.28882
-2.920665
1.277497
4.665188
2.24911
1.026108
1.261002
1.116092
-0.4619651
3.291732
2.545847
-0.2735643
-1.743659
0.08883524
-1.312948
3.453631
-4.550057
-0.3135638
-1.118448
0.6704612
-3.695626
-3.233931
4.725454
0.7917957
-2.776091
3.539581
-0.5958219
0.5325322
-2.039177
0.6446033
-2.794341
-3.269401
-2.85673
1.572144
-2.351696
-2.437506
-3.690374
-3.267488
-1.532498
4.243812
-1.085426
-2.966085
-3.418529
-3.789593
4.34764
-1.391494
-4.047036
-3.659402
2.658297
-1.029809
-4.951656
4.104008
-1.295155
3.10544
2.155791
-2.214605
4.005776
0.3761597
2.353486
0.6878705
-2.634302
1.958159
-1.874586
4.60281
-3.648643
-0.2809768
-1.165817
0.7941799
4.967838
-2.326698
-3.530101
-2.650585
-1.739065
4.8908
-0.4442663
-3.689356
-0.9901257
-3.849861
1.525759
2.825959
-2.13049
4.91608
479814.6
