-4.30024
1.335319
-2.642261
2.16538
-1.039713
-1.929143
3.335348
4.600929
-0.4721994
0.3751202
1.891417
-4.287337
4.799807
4.922769
-0.1885562
4.608009
4.448706
1.553817
-0.275331
4.265172
-4.871749
1.745938
-2.221525
-1.768647
-3.999481
-0.9995346
-2.767848
-0.901968
-4.626922
-4.672409
3.255119
-0.6072431
-4.741325
-3.250793
-0.5800753
-3.890676
4.961626
0.8645053
-0.9338193
-3.211531
1.02302
-1.352307
3.947806
3.508468
-2.331359
4.664397
1.31261
-0.5967541
-1.693291
-0.3925018
-4.234815
2.127849
-4.987665
1.481462
-0.9322567
-1.925245
4.605813
-0.8310776
-2.145091
0.2721362
3.96587
-3.079062
4.00449
1.309023
2.585456
4.720269
4.297362
4.546814
2.043747
-1.953137
-1.658383
-3.79014
2.172457
4.242758
-3.679236
4.661656
-0.1199312
1.170433
0.4458122
-2.683809
-1.894241
4.378908
-1.376391
-3.561952
1.376186
-2.976599
3.209251
-4.477976
4.765421
-4.771593
0.7585378
4.447348
-1.31582
-0.4140491
4.019605
-4.527763
2.641393
-3.696396
0.6832509
3.363095
-0.4409342
0.3672175
-3.112129
-3.542227
-1.119129
0.8731179
-2.407635
-4.768411
4.584755
-4.455987
4.904795
-3.795435
-1.932061
-4.961558
0.519361
-2.353328
4.339952
3.531492
-0.1280241
-1.641588
3.692724
3.00205
2.542667
2.812291
-3.167927
-3.563715
0.8705359
2.604241
0.1642962
1.1101
-4.84511
-4.029882
3.164496
-3.571168
-4.242113
-0.5766149
2.672442
0.6931443
-0.9060807
4.199724
2.366474
-1.452935
2.862136
1.775571
-1.502311
-3.27606
1.011267
-0.404572
3.301587
1.896909
0.7204432
3.840256
1.17361
1.639324
4.860763
0.3663521
53049.6
