-2.789474
3.365828
-3.252908
-0.7229252
-4.439221
-2.240475
-1.869448
-2.341249
4.347301
-0.3090458
2.471803
3.972202
3.863111
3.483039
-3.464056
-0.5735846
-4.594971
-3.926419
1.367937
2.781806
2.794138
4.089494
-1.661915
1.821297
-3.606095
1.576666
-0.7766514
1.42434
0.2893643
-4.570337
-2.331378
1.384283
4.405115
-2.63833
-0.6927114
-3.895204
1.155152
-4.492371
-2.105155
3.640654
-1.924847
1.436829
-3.859282
-4.794291
3.747592
-3.559992
-1.443389
-3.815551
1.691677
-2.123808
-1.470923
1.94715
-2.034472
-4.199421
-3.675261
2.650112
2.427204
3.701516
-2.971814
-2.129102
-0.8748574
1.708151
-3.61531
1.609349
1.733599
-0.4336505
2.800981
0.9205551
2.621737
-4.075438
-0.2181916
0.2070789
-4.303084
3.232317
-4.198619
-4.845838
-1.882178
-4.100675
1.909373
2.972934
-0.636086
0.3910618
-0.02272558
-3.23781
2.958616
0.811594
0.7847948
1.737487
-0.1013799
-4.297751
3.210518
-0.4154162
0.888248
-1.385757
4.546583
-0.4839702
1.858066
-2.729042
1.573059
-1.356761
-1.374089
-4.986349
-3.509599
-3.026922
2.213399
1.506423
4.779539
-1.837658
-2.724553
1.415803
1.017173
1.634001
1.146775
0.3814178
4.186455
-4.084734
-4.44071
-3.616834
1.721921
3.611837
3.612205
4.360041
2.991127
-3.914692
-2.686629
2.893225
-1.765112
2.82044
2.992258
-4.385262
-1.41192
1.516695
4.458457
2.948207
2.013278
-4.873809
0.04991484
4.918274
-1.829781
2.887224
-2.192586
-1.578483
2.627939
-2.277527
2.020262
-2.851628
0.6186919
-2.75703
2.384212
2.40798
3.016592
-3.308222
4.645084
0.4555221
1.401368
-0.8921762
2.792819E-06
