-0.6108446
0.3490715
3.827723
1.184171
-0.8779616
3.624907
2.729839
-1.98937
-1.552082
-2.399178
4.090023
1.20399
1.677794
-0.5337005
-3.340809
-3.153469
4.924633
-3.626279
-4.573738
3.820312
-4.527354
-4.375106
2.430271
-0.270112
-4.194683
-3.559042
1.242513
0.521162
-0.5883474
-4.504538
2.612619
0.1312943
4.293886
1.507248
-3.796386
-0.646276
-3.926321
0.5403776
-3.572222
-2.282395
-2.003839
1.923112
-1.470604
0.4678254
4.052731
-4.702684
4.794774
-2.478219
-0.2400212
-2.872754
-4.961816
-3.13632
-0.616694
2.815641
2.497878
4.699657
4.447491
1.881678
1.657076
3.822404
0.06025982
-4.833347
-0.1322036
-1.622765
3.334538
3.801674
-3.285572
2.736721
1.432408
-2.518959
4.102387
2.867635
3.760036
-3.680828
-1.595318
4.933809
1.436864
4.632728
2.420216
-4.622328
1.981637
-3.85273
0.9935136
2.515658
-3.145298
1.281252
0.819891
-0.4012136
-0.7812624
-1.775134
1.483517
0.6330805
0.159977
-4.321199
3.874006
-0.793745
1.973731
-3.460739
-2.869771
-2.466608
4.435662
4.98004
0.07463169
2.699505
-2.719775
-3.267172
-3.878681
-4.400825
-1.38303
2.114097
-1.708383
-3.573084
-0.2049928
0.3182416
-2.748787
0.7682343
-0.8884711
-0.7097297
0.5861812
-0.2040772
-0.2987676
-1.649639
4.474479
-4.786057
-0.06431532
-2.16619
2.461332
-2.84032
3.304194
-0.1785021
0.4819279
2.072634
2.780404
-3.899915
-4.075431
-0.9807653
4.542378
0.7832818
0.06861973
1.677492
3.528827
3.281544
-1.295387
-2.11253
-1.838413
-0.06716776
-3.082302
-4.43734
2.018321
3.782313
1.40239
0.4688425
-4.872171
0.7769318
-2.577261
4.076582
819.8097
