2.680641
2.663376
-1.661952
-4.79293
-3.040386
2.623007
2.440956
-0.8948512
-4.867116
-2.903059
2.72969
2.114837
-0.2117376
1.931239
3.16724
4.331074
-2.646245
3.421648
3.258739
-3.491954
0.7544584
0.04722881
-1.242152
-0.1770182
1.422586
3.174881
-3.329985
3.175853
-3.527258
-2.68863
-3.119664
-1.95435
1.24579
1.249401
1.250509
-1.093788
-4.068538
2.731551
-2.899268
2.998016
-4.142288
0.4055448
-0.05979347
-4.00209
-2.882144
4.290168
-1.631058
-0.04414845
-0.3974671
-2.764565
-2.452438
-2.811079
4.934599
-1.41819
4.409781
4.301076
4.924883
-2.513889
2.924032
-0.2828283
-0.6977158
-4.050218
3.553081
-0.006415367
-4.726055
-2.024953
-3.507299
-4.541687
-3.742332
0.9443312
4.963226
-2.010098
4.42123
-0.0424571
-2.089214
-4.109725
-2.870126
1.808983
-0.4825168
-3.703843
0.6441565
1.215973
-2.46255
-4.200797
-1.829737
-1.300483
-1.806139
1.813346
4.308425
1.572152
2.99924
1.597975
3.582629
2.925639
-0.4968696
-0.9480457
1.315811
-3.235139
0.3344302
0.4126449
-0.3700037
-4.787192
-3.990068
-1.440742
0.9698229
-2.958001
2.88087
-4.338403
4.121315
-2.174661
4.796955
-2.042872
-2.411489
4.091878
3.329485
4.726377
2.749509
-1.232941
-1.384301
2.974746
-3.561944
-0.3594236
4.668817
2.190629
3.435772
3.433205
1.948417
3.349997
-0.930069
-0.203908
0.8094497
-1.451458
1.004514
2.355852
1.599322
-0.4227991
-1.449997
3.679558
-1.352016
-2.958336
-1.228482
-1.985523
3.138851
-3.743942
-0.7541327
-2.897729
-2.084996
-2.061643
0.8897214
0.8595176
-3.788257
2.469682
3.806545
-2.866193
-3.093876
-1.412006
8.354214E-06
