1.224901
-3.443946
-0.7431049
-0.2306275
-1.439682
-1.55029
-2.191865
-4.524611
4.31213
-2.774526
-3.302336
1.175111
-4.750871
-3.33547
1.874393
3.371315
-3.104854
1.855855
1.020301
2.662312
4.992182
2.812371
4.863899
-1.494996
-0.9050183
2.352861
-4.797257
1.213228
-1.102197
-0.1132913
-3.198627
3.588246
-2.688987
2.725457
-4.809448
2.20014
1.902076
0.9729009
-1.585817
4.123528
-0.09227705
0.3760772
-0.1855845
-4.113304
0.1680775
-0.6193228
0.222785
4.288948
0.009884357
0.2572494
-3.731942
0.4427938
2.644891
-2.015605
2.987299
0.1638083
-4.384776
-2.041997
-1.069459
-0.7452135
-3.5605
-4.707846
-0.8615236
3.294601
-0.3851156
-1.68629
2.720636
0.01310062
1.520183
2.540979
-2.426428
-4.950342
3.483515
4.953753
-2.45261
4.333497
-2.885551
1.210337
1.699406
4.928257
-1.791094
-3.319563
3.975235
1.826669
3.500184
-4.303833
-4.561182
2.636583
-4.97208
2.883769
-1.269324
-4.020761
-4.968895
4.998736
4.60822
-0.3886847
-1.277528
-2.646121
-3.519784
-4.320317
-4.659539
-4.814396
2.689632
1.419866
0.1393275
-1.783138
-1.581347
-0.8464937
0.9400373
2.298785
-1.562986
2.191026
4.110233
-1.123938
3.472142
0.4371734
-3.025831
2.394534
0.7943516
1.958055
1.902927
-1.577682
4.420308
2.963927
-3.656307
-0.4130645
0.572999
-1.620583
4.725007
-4.607143
1.871921
-2.423715
-0.187407
-3.816452
1.63507
3.884802
-3.402987
-1.956945
3.668488
0.02438831
4.333111
4.600055
-1.134091
3.426814
2.344871
-4.629503
-2.636051
1.822677
-4.313194
-2.627853
1.375079
3.74737
-2.633811
-3.474241
0.7700591
3.001143
9.066887E-06
