0.1297803
4.813613
-2.378692
2.064048
0.7630043
0.6383843
0.2294259
4.83214
-1.382257
-3.034701
-3.30659
1.286945
2.035412
-0.7303457
2.056866
-4.547447
4.294651
-2.722512
0.8413882
-1.154158
4.283308
-2.758062
-3.55926
3.269966
1.459988
-2.654444
2.32879
3.908521
-0.913754
-0.6899161
3.170126
-0.9082408
2.314582
-1.70402
1.14523
2.869589
-1.951092
-0.9208889
-1.046744
-1.090254
-2.749536
-4.569933
0.1013522
-0.734982
-4.009685
-4.936419
-2.359009
-4.130832
0.8170195
-3.874565
-3.899995
-0.3105659
0.7221012
-4.22688
-2.993611
-4.723038
-3.680847
3.661755
2.603784
-3.011009
-4.152172
-1.784834
1.071217
-0.3617043
-1.792254
1.758945
0.5144305
-3.496311
-4.972529
-3.034443
0.9883256
-1.391887
-1.436848
-0.3456454
-2.848847
-4.143166
4.019295
-2.434466
1.84681
-4.404393
0.4605179
-2.792327
-4.204678
0.8342977
-1.514627
-1.710543
-0.8008413
0.7994013
2.584218
0.2606816
1.23164
-0.1439552
-3.049302
4.947193
-3.089323
-0.1627474
1.45611
-2.095104
-4.201245
-4.448875
3.046189
-0.107481
-2.695051
-2.927333
2.067126
-2.908722
4.577986
3.872324
2.888077
-0.2255983
-3.632165
-3.925078
4.357578
-2.02162
1.79536
-1.150158
4.577522
-1.309273
1.920843
3.442514
0.2488418
0.7740445
-1.275095
1.85349
3.171176
4.452085
-2.601674
4.1498
-1.781215
-2.269686
-1.844589
-4.808453
3.900508
1.188522
-2.08766
-2.893356
4.880995
-4.511423
-3.34323
2.934495
0.08029413
-4.327435
3.022921
4.275806
-1.67407
2.320917
-0.3586273
-2.70859
3.061639
0.6293817
1.625858
-0.1739936
-2.652613
0.1141195
-4.068472
2.959231
188643.7
