-3.272511
1.722596
1.127167
-4.450393
1.639753
2.035242
2.251899
4.35004
-2.595591
-0.9485145
4.606142
0.1530604
0.9145646
3.925941
-1.033413
-1.628992
0.2131848
-1.703546
-0.08866835
-3.357016
4.661261
4.814911
-2.018126
3.620576
-1.801164
-2.356903
3.953867
-1.43219
2.264956
-0.4233737
4.933305
-2.109272
3.415097
2.127448
2.095045
1.977445
-1.597924
-1.290801
-2.372622
2.600471
0.8427482
0.7136793
-0.6582661
-1.820566
-2.941035
-3.545921
0.52916
0.4811673
-3.460488
3.64212
2.122397
-0.5437093
2.148409
3.831085
-0.5130548
2.882099
-1.171259
-3.111346
0.5482941
0.7687502
4.708942
0.7396989
-4.167266
3.028545
-3.963146
-0.1125412
-4.191031
4.259539
-1.602636
0.8587928
3.576335
-1.388742
3.583741
4.275104
1.194794
1.246644
-1.627986
-3.563471
-2.194853
-4.73585
3.941944
-1.815749
1.173532
4.406753
-4.024284
-3.733272
-3.387675
1.185277
0.7029767
0.8908873
-2.148862
3.32433
2.25028
-3.259203
2.830437
3.475554
3.025391
2.915197
-1.063133
-3.20016
4.714197
-3.175175
1.385342
2.052889
1.844071
-4.629147
4.367951
3.54575
-0.2888293
-3.50007
-3.530958
4.406304
2.531937
-4.605448
-2.017948
3.951522
0.5832286
4.879326
-3.080302
3.242817
-4.300894
2.406986
3.978392
-4.572325
-4.982071
-4.888071
3.76098
3.503479
2.002586
2.580926
-1.638661
-3.245574
-4.406069
4.833233
0.1755147
-1.307749
3.907832
3.167605
-4.998686
2.328587
-4.688368
3.556967
-4.777976
3.34018
-1.015312
4.959011
3.45047
-2.161115
0.6488247
1.598227
3.912909
-3.285519
3.285067
-2.649604
2.562637
-4.355721
1028.131
